Date,Close,Volume
,GNRC,GNRC
2010-02-11,8.460628509521484,9627100
2010-02-12,8.836217880249023,884000
2010-02-16,8.7769136428833,166900
2010-02-17,8.7637357711792,400400
2010-02-18,8.585824966430664,402300
2010-02-19,8.717610359191895,325600
2010-02-22,8.625361442565918,189900
2010-02-23,8.6121826171875,110000
2010-02-24,8.599003791809082,36800
2010-02-25,8.697842597961426,192600
2010-02-26,8.849395751953125,72100
2010-03-01,8.730789184570312,92200
2010-03-02,8.717610359191895,100400
2010-03-03,8.658307075500488,39700
2010-03-04,8.730789184570312,53600
2010-03-05,8.631950378417969,44000
2010-03-08,8.882342338562012,32700
2010-03-09,8.948234558105469,30700
2010-03-10,9.06025218963623,76000
2010-03-11,9.21839427947998,127700
2010-03-12,9.323822975158691,147100
2010-03-15,9.87732219696045,413100
2010-03-16,10.101357460021973,289800
2010-03-17,10.147482872009277,168300
2010-03-18,10.140893936157227,38600
2010-03-19,10.147482872009277,204200
2010-03-22,9.956393241882324,96100
2010-03-23,9.98275089263916,171700
2010-03-24,10.002519607543945,56300
2010-03-25,9.897090911865234,50400
2010-03-26,9.7191801071167,265400
2010-03-29,9.501734733581543,351400
2010-03-30,9.317234992980957,254600
2010-03-31,9.231574058532715,1530600
2010-04-01,9.422662734985352,200300
2010-04-05,9.488554954528809,98600
2010-04-06,9.745536804199219,72700
2010-04-07,9.818018913269043,66300
2010-04-08,10.134305000305176,63000
2010-04-09,10.088179588317871,96000
2010-04-12,10.042055130004883,91600
2010-04-13,10.028876304626465,82000
2010-04-14,10.035465240478516,131400
2010-04-15,10.08159065246582,220600
2010-04-16,10.075000762939453,84100
2010-04-19,10.048644065856934,47000
2010-04-20,10.00910758972168,91900
2010-04-21,10.088179588317871,46700
2010-04-22,10.147482872009277,84200
2010-04-23,10.114537239074707,59800
2010-04-26,10.035465240478516,126900
2010-04-27,10.022286415100098,56500
2010-04-28,10.022286415100098,84800
2010-04-29,10.048644065856934,54100
2010-04-30,9.943215370178223,92800
2010-05-03,10.002519607543945,72600
2010-05-04,9.758715629577637,99800
2010-05-05,9.679643630981445,115000
2010-05-06,9.290877342224121,94600
2010-05-07,8.908699989318848,153600
2010-05-10,8.987771034240723,157700
2010-05-11,9.304056167602539,60800
2010-05-12,9.304056167602539,91900
2010-05-13,9.073431015014648,517000
2010-05-14,8.882342338562012,81200
2010-05-17,8.63853931427002,108000
2010-05-18,8.506753921508789,311800
2010-05-19,8.552878379821777,131400
2010-05-20,7.933486461639404,81600
2010-05-21,7.788522243499756,137200
2010-05-24,7.439291000366211,217500
2010-05-25,7.1493635177612305,190900
2010-05-26,7.169130802154541,148200
2010-05-27,7.254791259765625,103200
2010-05-28,7.241612434387207,215600
2010-06-01,7.017577171325684,58500
2010-06-02,7.861004829406738,114600
2010-06-03,8.546289443969727,50100
2010-06-04,8.190468788146973,142100
2010-06-07,8.236593246459961,76400
2010-06-08,8.414504051208496,48200
2010-06-09,8.295897483825684,68500
2010-06-10,8.460628509521484,62900
2010-06-11,8.64512825012207,59400
2010-06-14,8.829627990722656,116300
2010-06-15,9.126145362854004,225300
2010-06-16,8.92187786102295,65700
2010-06-17,9.007537841796875,39600
2010-06-18,9.093199729919434,238300
2010-06-21,9.165680885314941,96000
2010-06-22,9.106377601623535,56800
2010-06-23,9.112966537475586,54100
2010-06-24,9.139323234558105,79700
2010-06-25,9.98275089263916,754200
2010-06-28,10.022286415100098,139300
2010-06-29,9.818018913269043,86300
2010-06-30,9.231574058532715,98800
2010-07-01,9.409483909606934,66700
2010-07-02,9.402894973754883,33500
2010-07-06,9.0800199508667,90000
2010-07-07,9.613751411437988,113200
2010-07-08,9.844376564025879,76500
2010-07-09,9.890501022338867,38400
2010-07-12,9.692822456359863,54200
2010-07-13,9.745536804199219,83300
2010-07-14,9.752126693725586,30800
2010-07-15,9.686233520507812,25300
2010-07-16,9.475377082824707,99000
2010-07-19,9.44243049621582,70500
2010-07-20,9.620341300964355,71700
2010-07-21,9.501734733581543,37500
2010-07-22,9.831197738647461,57500
2010-07-23,9.930036544799805,54000
2010-07-26,9.92344856262207,43400
2010-07-27,9.87732219696045,38400
2010-07-28,9.587394714355469,21900
2010-07-29,9.69941234588623,47500
2010-07-30,9.732358932495117,73400
2010-08-02,9.930036544799805,187400
2010-08-03,9.903679847717285,77500
2010-08-04,9.936626434326172,42600
2010-08-05,9.811429977416992,31000
2010-08-06,9.534680366516113,38400
2010-08-09,9.488554954528809,35400
2010-08-10,9.139323234558105,20600
2010-08-11,8.63853931427002,81200
2010-08-12,8.572647094726562,35900
2010-08-13,8.407914161682129,66700
2010-08-16,8.757146835327148,26100
2010-08-17,8.855984687805176,55300
2010-08-18,8.559468269348145,49000
2010-08-19,8.177289962768555,92200
2010-08-20,8.289307594299316,67000
2010-08-23,8.071861267089844,140500
2010-08-24,8.005969047546387,52000
2010-08-25,7.992790222167969,77800
2010-08-26,7.907129764556885,34000
2010-08-27,8.243183135986328,31800
2010-08-30,7.900540351867676,60900
2010-08-31,7.98620080947876,43300
2010-09-01,8.48698616027832,45800
2010-09-02,8.579236030578613,43000
2010-09-03,8.625361442565918,49600
2010-09-07,8.717610359191895,55000
2010-09-08,9.000948905944824,48100
2010-09-09,9.05366325378418,39900
2010-09-10,8.80327033996582,38100
2010-09-13,9.251341819763184,115200
2010-09-14,9.139323234558105,118700
2010-09-15,8.80327033996582,68000
2010-09-16,8.757146835327148,38100
2010-09-17,8.664896011352539,141400
2010-09-20,8.737378120422363,58000
2010-09-21,8.559468269348145,83400
2010-09-22,8.164112091064453,42900
2010-09-23,8.09821891784668,38800
2010-09-24,8.730789184570312,71700
2010-09-27,8.697842597961426,77400
2010-09-28,8.572647094726562,137200
2010-09-29,8.968002319335938,37000
2010-09-30,8.987771034240723,44900
2010-10-01,9.244751930236816,107000
2010-10-04,9.224984169006348,23000
2010-10-05,9.402894973754883,78700
2010-10-06,9.580805778503418,51800
2010-10-07,9.165680885314941,46000
2010-10-08,9.304056167602539,38800
2010-10-11,9.561037063598633,16400
2010-10-12,9.462198257446289,22700
2010-10-13,9.416072845458984,51300
2010-10-14,9.145913124084473,26700
2010-10-15,8.89552116394043,81100
2010-10-18,9.066842079162598,29300
2010-10-19,9.033895492553711,51400
2010-10-20,9.126145362854004,35400
2010-10-21,9.0800199508667,47700
2010-10-22,9.066842079162598,25600
2010-10-25,9.15909194946289,42300
2010-10-26,9.093199729919434,43500
2010-10-27,9.020716667175293,59000
2010-10-28,8.882342338562012,74500
2010-10-29,8.915288925170898,59300
2010-11-01,8.592413902282715,77600
2010-11-02,8.63853931427002,55200
2010-11-03,8.64512825012207,14400
2010-11-04,9.224984169006348,131200
2010-11-05,9.251341819763184,117900
2010-11-08,9.383127212524414,50300
2010-11-09,9.172270774841309,31900
2010-11-10,9.21180534362793,39900
2010-11-11,9.389716148376465,133700
2010-11-12,9.369949340820312,90200
2010-11-15,9.712591171264648,249900
2010-11-16,9.679643630981445,63800
2010-11-17,9.561037063598633,239400
2010-11-18,9.607162475585938,59100
2010-11-19,9.870733261108398,116400
2010-11-22,10.068411827087402,80300
2010-11-23,10.075000762939453,255500
2010-11-24,10.391286849975586,128800
2010-11-26,10.378108024597168,37500
2010-11-29,10.384696960449219,100100
2010-11-30,9.791662216186523,891800
2010-12-01,10.364928245544434,158400
2010-12-02,10.450589179992676,73300
2010-12-03,10.444000244140625,82100
2010-12-06,10.437411308288574,54200
2010-12-07,10.411053657531738,62000
2010-12-08,10.444000244140625,82000
2010-12-09,10.463768005371094,50400
2010-12-10,10.457179069519043,185800
2010-12-13,10.378108024597168,102500
2010-12-14,10.424232482910156,88100
2010-12-15,10.424232482910156,99300
2010-12-16,10.470357894897461,128700
2010-12-17,10.61532211303711,237900
2010-12-20,10.661446571350098,197000
2010-12-21,10.819588661193848,108900
2010-12-22,10.87889289855957,46800
2010-12-23,10.760285377502441,95800
2010-12-27,10.760285377502441,42900
2010-12-28,10.733929634094238,34700
2010-12-29,10.707571029663086,23800
2010-12-30,10.635088920593262,62500
2010-12-31,10.654857635498047,55200
2011-01-03,10.628499031066895,35500
2011-01-04,10.542839050292969,61000
2011-01-05,10.661446571350098,78200
2011-01-06,10.799820899963379,68800
2011-01-07,10.872303009033203,37100
2011-01-10,11.010677337646484,52000
2011-01-11,11.096338272094727,32400
2011-01-12,11.023856163024902,32300
2011-01-13,11.129284858703613,33100
2011-01-14,11.195178031921387,41900
2011-01-18,11.195178031921387,50800
2011-01-19,10.832767486572266,56700
2011-01-20,10.707571029663086,63800
2011-01-21,10.707571029663086,42400
2011-01-24,10.733929634094238,28300
2011-01-25,10.786643028259277,40200
2011-01-26,10.892071723937988,44400
2011-01-27,10.944786071777344,42400
2011-01-28,10.338571548461914,136700
2011-01-31,9.818018913269043,91800
2011-02-01,10.331982612609863,56800
2011-02-02,10.595553398132324,37100
2011-02-03,10.826178550720215,79600
2011-02-04,10.437411308288574,23000
2011-02-07,10.562607765197754,27000
2011-02-08,10.061822891235352,63600
2011-02-09,9.897090911865234,74900
2011-02-10,9.837786674499512,31100
2011-02-11,10.094768524169922,453300
2011-02-14,10.3583402633667,37100
2011-02-15,10.476946830749512,42500
2011-02-16,10.490124702453613,57000
2011-02-17,10.707571029663086,49700
2011-02-18,11.478516578674316,149900
2011-02-22,11.854104995727539,131000
2011-02-23,11.18858814239502,110800
2011-02-24,11.636658668518066,194300
2011-02-25,12.256051063537598,158900
2011-02-28,12.078140258789062,98200
2011-03-01,11.755266189575195,65900
2011-03-02,11.80798053741455,109700
2011-03-03,11.939765930175781,96500
2011-03-04,11.854104995727539,106400
2011-03-07,11.887052536010742,63300
2011-03-08,12.269229888916016,54200
2011-03-09,12.064961433410645,154800
2011-03-10,11.821159362792969,148400
2011-03-11,12.203336715698242,58100
2011-03-14,12.163800239562988,73700
2011-03-15,12.08473014831543,62100
2011-03-16,12.216516494750977,74700
2011-03-17,12.071551322937012,91200
2011-03-18,12.565746307373047,317500
2011-03-21,12.717299461364746,138700
2011-03-22,12.62505054473877,52800
2011-03-23,12.559157371520996,88300
2011-03-24,12.374658584594727,114300
2011-03-25,12.328532218933105,61700
2011-03-28,12.447138786315918,68000
2011-03-29,13.218085289001465,227200
2011-03-30,13.303746223449707,67800
2011-03-31,13.36963939666748,96600
2011-04-01,13.310335159301758,56000
2011-04-04,13.290567398071289,48300
2011-04-05,13.16537094116211,54100
2011-04-06,13.053352355957031,57800
2011-04-07,12.934745788574219,82100
2011-04-08,13.026996612548828,48600
2011-04-11,13.01381778717041,57500
2011-04-12,12.941335678100586,82500
2011-04-13,13.01381778717041,65300
2011-04-14,13.461888313293457,69400
2011-04-15,13.336691856384277,134700
2011-04-18,13.349870681762695,80100
2011-04-19,13.435530662536621,113900
2011-04-20,13.508012771606445,85700
2011-04-21,13.567317008972168,41400
2011-04-25,13.475067138671875,30500
2011-04-26,13.573905944824219,50600
2011-04-27,13.461888313293457,178400
2011-04-28,13.61344051361084,171100
2011-04-29,13.71886920928955,134000
2011-05-02,13.593672752380371,90600
2011-05-03,13.468477249145508,151300
2011-05-04,12.545979499816895,139000
2011-05-05,12.321944236755371,285600
2011-05-06,12.229693412780762,166000
2011-05-09,12.407604217529297,145400
2011-05-10,12.486676216125488,82700
2011-05-11,12.262639999389648,82200
2011-05-12,12.295586585998535,59300
2011-05-13,11.9661226272583,60400
2011-05-16,11.695962905883789,53000
2011-05-17,11.715730667114258,45400
2011-05-18,12.111085891723633,183000
2011-05-19,12.203336715698242,50200
2011-05-20,12.09131908416748,70000
2011-05-23,11.860694885253906,81800
2011-05-24,11.821159362792969,77000
2011-05-25,12.170390129089355,148400
2011-05-26,11.840926170349121,144500
2011-05-27,11.926587104797363,87000
2011-05-31,12.130854606628418,143000
2011-06-01,11.570765495300293,174800
2011-06-02,11.70255184173584,52800
2011-06-03,11.366498947143555,62800
2011-06-06,11.630069732666016,94200
2011-06-07,11.867283821105957,93800
2011-06-08,11.794801712036133,75200
2011-06-09,11.590534210205078,38200
2011-06-10,11.840926170349121,221600
2011-06-13,11.794801712036133,123000
2011-06-14,11.952943801879883,144800
2011-06-15,11.82774829864502,99700
2011-06-16,11.854104995727539,79100
2011-06-17,11.768445014953613,150200
2011-06-20,11.887052536010742,298400
2011-06-21,12.216516494750977,266600
2011-06-22,12.282407760620117,46800
2011-06-23,12.559157371520996,86200
2011-06-24,12.374658584594727,523200
2011-06-27,12.684353828430176,108400
2011-06-28,12.723888397216797,197600
2011-06-29,12.710711479187012,103600
2011-06-30,12.78319263458252,146000
2011-07-01,12.928157806396484,110800
2011-07-05,12.862264633178711,57100
2011-07-06,12.855674743652344,48700
2011-07-07,12.882031440734863,67000
2011-07-08,12.98087215423584,165300
2011-07-11,12.704122543334961,111700
2011-07-12,12.717299461364746,159200
2011-07-13,13.053352355957031,178600
2011-07-14,12.796371459960938,64200
2011-07-15,13.020407676696777,87400
2011-07-18,12.690943717956543,85200
2011-07-19,13.086299896240234,106100
2011-07-20,13.218085289001465,59700
2011-07-21,13.606851577758789,94200
2011-07-22,13.45529842376709,59100
2011-07-25,13.415762901306152,78800
2011-07-26,12.770013809204102,56100
2011-07-27,12.361479759216309,199600
2011-07-28,12.354889869689941,57300
2011-07-29,12.223103523254395,64100
2011-08-01,12.256051063537598,98100
2011-08-02,12.025425910949707,118400
2011-08-03,12.130854606628418,108100
2011-08-04,11.438981056213379,179100
2011-08-05,12.229693412780762,183200
2011-08-08,11.010677337646484,193100
2011-08-09,11.893640518188477,217900
2011-08-10,11.234712600708008,193300
2011-08-11,11.900229454040527,161400
2011-08-12,12.196746826171875,69700
2011-08-15,12.829317092895508,175600
2011-08-16,12.651408195495605,138200
2011-08-17,12.27581787109375,51600
2011-08-18,11.406034469604492,108400
2011-08-19,10.885481834411621,66700
2011-08-22,11.300605773925781,51900
2011-08-23,12.361479759216309,132300
2011-08-24,12.671175003051758,117200
2011-08-25,12.816139221191406,158000
2011-08-26,13.382816314697266,252100
2011-08-29,13.508012771606445,292400
2011-08-30,13.356460571289062,248000
2011-08-31,13.580495834350586,335200
2011-09-01,13.356460571289062,145800
2011-09-02,12.75024700164795,264900
2011-09-06,12.63163948059082,143900
2011-09-07,12.802960395812988,206300
2011-09-08,12.585515022277832,169900
2011-09-09,12.321944236755371,233100
2011-09-12,12.302175521850586,167000
2011-09-13,12.387835502624512,116900
2011-09-14,12.27581787109375,159300
2011-09-15,12.394425392150879,92900
2011-09-16,12.256051063537598,236400
2011-09-19,12.223103523254395,106900
2011-09-20,12.130854606628418,226700
2011-09-21,11.406034469604492,349700
2011-09-22,10.364928245544434,237500
2011-09-23,10.259500503540039,322600
2011-09-26,12.24946117401123,285400
2011-09-27,12.045194625854492,188800
2011-09-28,11.643248558044434,123200
2011-09-29,11.98589038848877,103800
2011-09-30,12.394425392150879,496800
2011-10-03,12.269229888916016,430500
2011-10-04,12.9083890914917,213100
2011-10-05,13.040175437927246,159500
2011-10-06,13.771583557128906,203800
2011-10-07,13.237853050231934,151400
2011-10-10,14.074690818786621,143700
2011-10-11,13.778173446655273,164500
2011-10-12,13.68592357635498,203600
2011-10-13,13.652976989746094,127500
2011-10-14,14.12740421295166,104400
2011-10-17,13.626620292663574,77300
2011-10-18,13.989029884338379,164700
2011-10-19,13.8770112991333,104400
2011-10-20,13.83747673034668,115700
2011-10-21,14.048333168029785,166400
2011-10-24,14.358030319213867,233800
2011-10-25,13.705690383911133,82500
2011-10-26,14.087867736816406,130900
2011-10-27,14.615011215209961,220800
2011-10-28,14.562297821044922,78600
2011-10-31,15.063081741333008,331800
2011-11-01,15.306884765625,431100
2011-11-02,15.76154613494873,324300
2011-11-03,16.295276641845703,315500
2011-11-04,15.880151748657227,308900
2011-11-07,15.899918556213379,178100
2011-11-08,16.585203170776367,189800
2011-11-09,16.400705337524414,295300
2011-11-10,16.446828842163086,184000
2011-11-11,16.5983829498291,181500
2011-11-14,16.235971450805664,242900
2011-11-15,16.110776901245117,301900
2011-11-16,15.65611743927002,259900
2011-11-17,15.557278633117676,104100
2011-11-18,15.748367309570312,166500
2011-11-21,15.649526596069336,210700
2011-11-22,15.583634376525879,97900
2011-11-23,14.95765495300293,159200
2011-11-25,14.700671195983887,55900
2011-11-28,15.735188484191895,260500
2011-11-29,15.768134117126465,133500
2011-11-30,16.519311904907227,365200
2011-12-01,16.374347686767578,279000
2011-12-02,16.33481216430664,218700
2011-12-05,16.848773956298828,228500
2011-12-06,16.809240341186523,167500
2011-12-07,17.428630828857422,666000
2011-12-08,17.501113891601562,297700
2011-12-09,18.1929874420166,366400
2011-12-12,18.581754684448242,331100
2011-12-13,17.96236228942871,453000
2011-12-14,17.599952697753906,325700
2011-12-15,18.272058486938477,272400
2011-12-16,18.72671890258789,517900
2011-12-19,18.206165313720703,224800
2011-12-20,18.634469985961914,267400
2011-12-21,18.99028968811035,291800
2011-12-22,18.654237747192383,161600
2011-12-23,18.739898681640625,84100
2011-12-27,18.75966453552246,120700
2011-12-28,18.64105796813965,190200
2011-12-29,18.74648666381836,95100
2011-12-30,18.469738006591797,76500
2012-01-03,18.49609375,164800
2012-01-04,18.364309310913086,146000
2012-01-05,18.094148635864258,273100
2012-01-06,18.219343185424805,183100
2012-01-09,18.654237747192383,339700
2012-01-10,18.99028968811035,261800
2012-01-11,19.405414581298828,139100
2012-01-12,19.550376892089844,196000
2012-01-13,19.464717864990234,112800
2012-01-17,19.52402114868164,144900
2012-01-18,19.73487663269043,357400
2012-01-19,19.59650230407715,139600
2012-01-20,19.392234802246094,143500
2012-01-23,19.537199020385742,122300
2012-01-24,19.346111297607422,136200
2012-01-25,19.82712745666504,174500
2012-01-26,19.70193099975586,125400
2012-01-27,19.68216323852539,87700
2012-01-30,19.267040252685547,298000
2012-01-31,19.1484317779541,171800
2012-02-01,19.20773696899414,235300
2012-02-02,18.614700317382812,396700
2012-02-03,19.16819953918457,272400
2012-02-06,19.04300308227539,81100
2012-02-07,18.739898681640625,244800
2012-02-08,19.299985885620117,198900
2012-02-09,19.075950622558594,121300
2012-02-10,19.049592971801758,91400
2012-02-13,19.497663497924805,271000
2012-02-14,17.316614151000977,1022900
2012-02-15,16.75652503967285,584500
2012-02-16,16.96079444885254,272900
2012-02-17,17.652667999267578,483000
2012-02-21,17.929414749145508,418500
2012-02-22,17.883291244506836,216700
2012-02-23,17.883291244506836,202300
2012-02-24,17.777862548828125,176700
2012-02-27,17.514293670654297,405000
2012-02-28,17.013507843017578,277400
2012-02-29,16.76311492919922,282500
2012-03-01,16.42047119140625,541300
2012-03-02,16.374347686767578,230700
2012-03-05,16.400705337524414,227700
2012-03-06,16.19643783569336,204200
2012-03-07,16.46000862121582,208300
2012-03-08,16.822418212890625,184600
2012-03-09,17.105756759643555,196300
2012-03-12,17.105756759643555,157400
2012-03-13,17.263900756835938,222600
2012-03-14,17.198007583618164,171000
2012-03-15,17.11234474182129,332600
2012-03-16,16.769702911376953,405400
2012-03-19,16.842185974121094,309600
2012-03-20,16.545669555664062,331300
2012-03-21,16.572025299072266,218400
2012-03-22,16.2491512298584,231900
2012-03-23,16.16349220275879,182100
2012-03-26,16.466596603393555,167500
2012-03-27,16.387527465820312,155500
2012-03-28,16.427061080932617,250100
2012-03-29,16.150312423706055,178400
2012-03-30,16.176668167114258,146500
2012-04-02,16.10418701171875,216600
2012-04-03,15.84720516204834,169700
2012-04-04,15.451849937438965,238400
2012-04-05,15.59022331237793,187900
2012-04-09,15.31347370147705,215200
2012-04-10,14.825868606567383,208600
2012-04-11,15.240991592407227,393600
2012-04-12,15.544097900390625,163800
2012-04-13,15.53750991821289,139300
2012-04-16,15.926276206970215,260700
2012-04-17,15.899918556213379,170600
2012-04-18,15.629759788513184,130200
2012-04-19,15.37936782836914,121500
2012-04-20,15.636347770690918,186300
2012-04-23,15.557278633117676,162800
2012-04-24,15.741776466369629,136000
2012-04-25,15.781312942504883,144400
2012-04-26,15.827438354492188,122300
2012-04-27,15.978991508483887,158100
2012-04-30,15.866972923278809,125200
2012-05-01,16.183258056640625,196000
2012-05-02,16.15690040588379,121000
2012-05-03,15.491384506225586,137500
2012-05-04,15.240991592407227,129000
2012-05-07,15.181689262390137,138800
2012-05-08,19.036413192749023,2526000
2012-05-09,17.771272659301758,1020000
2012-05-10,17.79104232788086,390000
2012-05-11,17.705381393432617,212300
2012-05-14,17.39568519592285,175000
2012-05-15,17.356149673461914,110500
2012-05-16,17.39568519592285,121000
2012-05-17,17.000328063964844,196000
2012-05-18,17.13211441040039,158000
2012-05-21,18.21275520324707,589900
2012-05-22,17.198007583618164,429000
2012-05-23,16.585203170776367,268300
2012-05-24,16.631328582763672,194900
2012-05-25,16.644508361816406,88200
2012-05-29,16.730167388916016,119200
2012-05-30,16.446828842163086,156200
2012-05-31,16.308454513549805,364000
2012-06-01,15.873562812805176,345600
2012-06-04,15.781312942504883,494100
2012-06-05,16.018526077270508,238300
2012-06-06,16.61815071105957,253400
2012-06-07,16.835596084594727,325800
2012-06-08,16.908079147338867,223900
2012-06-11,16.552257537841797,253900
2012-06-12,17.316614151000977,210700
2012-06-13,17.013507843017578,215200
2012-06-14,17.158472061157227,164000
2012-06-15,17.43522071838379,246200
2012-06-18,17.178239822387695,257700
2012-06-19,17.389095306396484,260700
2012-06-20,17.52088165283203,500200
2012-06-21,16.47977638244629,447000
2012-06-22,16.222795486450195,531700
2012-06-25,15.906509399414062,221100
2012-06-26,15.768134117126465,274600
2012-06-27,15.781312942504883,340700
2012-06-28,15.65611743927002,234300
2012-06-29,15.85379409790039,356200
2012-07-02,18.232742309570312,1124400
2012-07-03,18.43464469909668,302300
2012-07-05,19.64606285095215,515700
2012-07-06,19.81285285949707,358500
2012-07-09,20.128875732421875,665000
2012-07-10,19.233478546142578,842200
2012-07-11,19.409048080444336,382400
2012-07-12,19.338821411132812,236000
2012-07-13,19.663619995117188,379000
2012-07-16,19.61972999572754,228800
2012-07-17,19.496829986572266,169600
2012-07-18,20.084983825683594,174700
2012-07-19,19.672399520874023,234300
2012-07-20,19.839189529418945,153000
2012-07-23,19.733848571777344,260800
2012-07-24,19.04913330078125,306900
2012-07-25,19.321264266967773,252100
2012-07-26,19.654842376708984,198000
2012-07-27,20.005979537963867,244100
2012-07-30,19.99720001220703,224000
2012-07-31,20.03231430053711,231200
2012-08-01,19.549501419067383,480600
2012-08-02,20.471233367919922,1227900
2012-08-03,19.488054275512695,621700
2012-08-06,19.663619995117188,327900
2012-08-07,19.488054275512695,305000
2012-08-08,19.391490936279297,226500
2012-08-09,19.224700927734375,310500
2012-08-10,19.488054275512695,171200
2012-08-13,19.075468063354492,224500
2012-08-14,18.987682342529297,151500
2012-08-15,18.961349487304688,151300
2012-08-16,19.21592140197754,245900
2012-08-17,19.663619995117188,211300
2012-08-20,19.119359970092773,535000
2012-08-21,19.303707122802734,205400
2012-08-22,19.373933792114258,218000
2012-08-23,19.733848571777344,375200
2012-08-24,19.531944274902344,356900
2012-08-27,19.321264266967773,212600
2012-08-28,19.12813949584961,227100
2012-08-29,18.838449478149414,227300
2012-08-30,18.627769470214844,199900
2012-08-31,18.917455673217773,129500
2012-09-04,18.53998565673828,229300
2012-09-05,18.223962783813477,494600
2012-09-06,18.996461868286133,197000
2012-09-07,18.97012710571289,268300
2012-09-10,18.899900436401367,225000
2012-09-11,19.338821411132812,102900
2012-09-12,19.751405715942383,176000
2012-09-13,19.97086524963379,210000
2012-09-14,20.24299430847168,287200
2012-09-17,20.181547164916992,156400
2012-09-18,20.093761444091797,136900
2012-09-19,20.497570037841797,384500
2012-09-20,20.699472427368164,436100
2012-09-21,20.848705291748047,246000
2012-09-24,20.769699096679688,423500
2012-09-25,20.286888122558594,209500
2012-09-26,20.128875732421875,151200
2012-09-27,20.251773834228516,129700
2012-09-28,20.093761444091797,151800
2012-10-01,21.972341537475586,1678800
2012-10-02,22.76239776611328,680700
2012-10-03,22.753618240356445,641300
2012-10-04,22.832624435424805,329800
2012-10-05,22.6219425201416,428400
2012-10-08,22.314699172973633,313500
2012-10-09,22.420040130615234,258700
2012-10-10,22.174243927001953,328900
2012-10-11,22.112794876098633,175400
2012-10-12,22.674612045288086,251400
2012-10-15,22.815067291259766,210700
2012-10-16,23.087196350097656,196600
2012-10-17,23.104753494262695,168600
2012-10-18,22.797510147094727,164300
2012-10-19,22.86773681640625,283500
2012-10-22,22.49904441833496,259200
2012-10-23,22.86773681640625,178500
2012-10-24,23.411998748779297,232600
2012-10-25,24.166942596435547,666700
2012-10-26,24.869213104248047,717600
2012-10-31,29.846567153930664,5180500
2012-11-01,29.969465255737305,1579400
2012-11-02,30.153810501098633,1293700
2012-11-05,33.8846321105957,5255200
2012-11-06,32.92778396606445,2738300
2012-11-07,32.60298538208008,1932300
2012-11-08,30.417165756225586,2278600
2012-11-09,30.610286712646484,1300000
2012-11-12,31.338895797729492,684700
2012-11-13,31.014097213745117,482300
2012-11-14,29.855344772338867,821400
2012-11-15,30.20648193359375,621100
2012-11-16,30.153810501098633,448800
2012-11-19,30.926311492919922,414100
2012-11-20,31.43545913696289,414000
2012-11-21,30.97898292541504,428800
2012-11-23,30.97898292541504,178700
2012-11-26,28.09966468811035,3787400
2012-11-27,29.802675247192383,4206600
2012-11-28,30.25037384033203,1152000
2012-11-29,28.564922332763672,4070200
2012-11-30,28.6439266204834,904900
2012-12-03,28.714153289794922,521500
2012-12-04,28.89849853515625,430400
2012-12-05,28.38057518005371,612700
2012-12-06,28.398130416870117,510900
2012-12-07,28.942392349243164,660200
2012-12-10,28.573698043823242,446300
2012-12-11,28.679039001464844,561100
2012-12-12,28.38057518005371,320900
2012-12-13,28.60881233215332,770600
2012-12-14,28.73171043395996,677000
2012-12-17,28.60881233215332,535800
2012-12-18,29.46909523010254,829900
2012-12-19,30.14503288269043,820500
2012-12-20,30.004579544067383,500000
2012-12-21,29.46909523010254,475900
2012-12-24,29.39887046813965,108500
2012-12-26,29.34619903564453,233200
2012-12-27,29.42520523071289,142900
2012-12-28,29.117958068847656,222600
2012-12-31,30.11870002746582,275000
2013-01-02,30.89997673034668,614000
2013-01-03,30.399608612060547,394300
2013-01-04,30.469833374023438,156300
2013-01-07,30.43471908569336,319400
2013-01-08,30.408384323120117,225000
2013-01-09,30.496170043945312,332700
2013-01-10,30.355716705322266,363500
2013-01-11,30.97020149230957,451000
2013-01-14,30.935091018676758,356400
2013-01-15,31.751480102539062,734300
2013-01-16,31.716367721557617,293800
2013-01-17,32.02360916137695,311400
2013-01-18,31.944604873657227,199200
2013-01-22,32.164066314697266,266200
2013-01-23,32.550315856933594,321600
2013-01-24,32.3571891784668,361200
2013-01-25,32.269405364990234,365700
2013-01-28,32.0762825012207,422800
2013-01-29,32.471309661865234,240100
2013-01-30,31.962162017822266,276200
2013-01-31,32.638099670410156,429100
2013-02-01,33.13846969604492,371400
2013-02-04,32.673213958740234,291600
2013-02-05,33.8846321105957,787500
2013-02-06,34.376224517822266,809600
2013-02-07,34.885372161865234,1125400
2013-02-08,35.587642669677734,1670200
2013-02-11,34.323551177978516,1527500
2013-02-12,34.323551177978516,617600
2013-02-13,34.481563568115234,596000
2013-02-14,31.303781509399414,4102200
2013-02-15,32.52397918701172,2172000
2013-02-19,32.515201568603516,1189300
2013-02-20,31.549575805664062,1031800
2013-02-21,29.943130493164062,4498400
2013-02-22,30.22403907775879,897700
2013-02-25,29.925573348999023,1082500
2013-02-26,29.627107620239258,964100
2013-02-27,29.793895721435547,682700
2013-02-28,30.241596221923828,848100
2013-03-01,30.408384323120117,893900
2013-03-04,30.4522762298584,794700
2013-03-05,30.71563148498535,1087300
2013-03-06,30.592729568481445,940700
2013-03-07,29.969465255737305,579700
2013-03-08,30.329378128051758,659600
2013-03-11,29.97824478149414,481500
2013-03-12,30.16259002685547,513200
2013-03-13,30.232816696166992,310200
2013-03-14,30.8560848236084,559900
2013-03-15,30.785856246948242,747100
2013-03-18,30.724407196044922,558200
2013-03-19,30.37327003479004,232000
2013-03-20,30.153810501098633,432200
2013-03-21,29.91679573059082,522500
2013-03-22,30.443498611450195,707900
2013-03-25,30.680517196655273,466300
2013-03-26,30.768299102783203,462300
2013-03-27,30.89997673034668,676800
2013-03-28,31.022872924804688,522100
2013-04-01,31.00531578063965,430400
2013-04-02,31.12821388244629,1116100
2013-04-03,30.12747573852539,736100
2013-04-04,30.11870002746582,295600
2013-04-05,30.180147171020508,306900
2013-04-08,30.8560848236084,296500
2013-04-09,31.11065673828125,392100
2013-04-10,31.154550552368164,550200
2013-04-11,31.075544357299805,903800
2013-04-12,31.03165054321289,296400
2013-04-15,30.29426383972168,729100
2013-04-16,30.425941467285156,577500
2013-04-17,29.943130493164062,497200
2013-04-18,29.42520523071289,345600
2013-04-19,29.372533798217773,235900
2013-04-22,29.618330001831055,377100
2013-04-23,30.338159561157227,290500
2013-04-24,30.759521484375,429100
2013-04-25,30.873638153076172,354400
2013-04-26,30.82097053527832,275200
2013-04-29,31.338895797729492,831200
2013-04-30,31.540800094604492,226200
2013-05-01,30.51372528076172,764900
2013-05-02,33.53349685668945,3322000
2013-05-03,33.90218734741211,1067900
2013-05-06,33.50716018676758,1391200
2013-05-07,32.0762825012207,5108200
2013-05-08,32.31330108642578,1444500
2013-05-09,31.59347152709961,903900
2013-05-10,31.67247772216797,510900
2013-05-13,31.74270248413086,709800
2013-05-14,31.777816772460938,657700
2013-05-15,32.48008728027344,1114300
2013-05-16,32.48886489868164,923300
2013-05-17,32.787330627441406,1122900
2013-05-20,32.83122634887695,661500
2013-05-21,33.11213302612305,982500
2013-05-22,32.796112060546875,1010500
2013-05-23,32.901451110839844,604600
2013-05-24,33.08579635620117,582800
2013-05-28,33.75295639038086,674600
2013-05-29,34.01630783081055,729500
2013-05-30,34.929264068603516,1539200
2013-05-31,35.552528381347656,2057500
2013-06-03,35.1926155090332,1592500
2013-06-04,34.69224548339844,1146800
2013-06-05,35.113609313964844,1113400
2013-06-06,35.62275695800781,901600
2013-06-07,35.93000030517578,1113500
2013-06-10,36.45000076293945,1541200
2013-06-11,36.04999923706055,881900
2013-06-12,35.560001373291016,720300
2013-06-13,35.63999938964844,761000
2013-06-14,34.84000015258789,2168200
2013-06-17,35.0,1719400
2013-06-18,35.279998779296875,1517900
2013-06-19,34.470001220703125,786400
2013-06-20,33.86000061035156,770400
2013-06-21,34.849998474121094,1960600
2013-06-24,35.06999969482422,1475200
2013-06-25,36.0,1435900
2013-06-26,35.95000076293945,887000
2013-06-27,37.099998474121094,1406500
2013-06-28,37.0099983215332,3577200
2013-07-01,38.97999954223633,1425500
2013-07-02,39.15999984741211,1265600
2013-07-03,38.93000030517578,380300
2013-07-05,39.720001220703125,709300
2013-07-08,39.59000015258789,527800
2013-07-09,39.209999084472656,883200
2013-07-10,39.0099983215332,742500
2013-07-11,40.470001220703125,1366800
2013-07-12,40.68000030517578,872400
2013-07-15,41.25,663700
2013-07-16,41.4900016784668,1202400
2013-07-17,41.540000915527344,824000
2013-07-18,41.119998931884766,603500
2013-07-19,41.0099983215332,841100
2013-07-22,41.220001220703125,389100
2013-07-23,41.119998931884766,537200
2013-07-24,40.959999084472656,558800
2013-07-25,41.63999938964844,580500
2013-07-26,41.150001525878906,656400
2013-07-29,41.029998779296875,778000
2013-07-30,43.20000076293945,2692500
2013-07-31,43.349998474121094,1260300
2013-08-01,43.45000076293945,1323700
2013-08-02,42.2400016784668,3346200
2013-08-05,42.470001220703125,1173800
2013-08-06,42.209999084472656,927600
2013-08-07,41.7599983215332,735000
2013-08-08,42.22999954223633,1029100
2013-08-09,42.34000015258789,1111000
2013-08-12,42.650001525878906,677600
2013-08-13,42.689998626708984,342200
2013-08-14,42.90999984741211,705000
2013-08-15,42.29999923706055,574000
2013-08-16,42.779998779296875,617500
2013-08-19,42.29999923706055,489400
2013-08-20,42.279998779296875,717200
2013-08-21,41.709999084472656,685400
2013-08-22,42.29999923706055,978000
2013-08-23,42.220001220703125,542500
2013-08-26,42.2599983215332,390100
2013-08-27,41.099998474121094,573600
2013-08-28,40.36000061035156,690200
2013-08-29,40.880001068115234,1438200
2013-08-30,39.59000015258789,790600
2013-09-03,39.70000076293945,553800
2013-09-04,39.95000076293945,549800
2013-09-05,40.290000915527344,383300
2013-09-06,39.689998626708984,661400
2013-09-09,39.9900016784668,760400
2013-09-10,40.630001068115234,660600
2013-09-11,40.77000045776367,741200
2013-09-12,41.400001525878906,734800
2013-09-13,41.650001525878906,454800
2013-09-16,41.56999969482422,405500
2013-09-17,41.869998931884766,463900
2013-09-18,42.06999969482422,419300
2013-09-19,42.18000030517578,315400
2013-09-20,43.599998474121094,1215300
2013-09-23,42.880001068115234,1009700
2013-09-24,43.470001220703125,633800
2013-09-25,43.47999954223633,736000
2013-09-26,43.63999938964844,471200
2013-09-27,43.02000045776367,541800
2013-09-30,42.63999938964844,748000
2013-10-01,42.959999084472656,580100
2013-10-02,42.380001068115234,341700
2013-10-03,42.130001068115234,551000
2013-10-04,42.04999923706055,502300
2013-10-07,41.7400016784668,445900
2013-10-08,40.2599983215332,1382400
2013-10-09,39.119998931884766,732900
2013-10-10,40.43000030517578,956000
2013-10-11,40.93000030517578,898400
2013-10-14,40.650001525878906,556000
2013-10-15,39.95000076293945,670700
2013-10-16,40.31999969482422,581700
2013-10-17,40.72999954223633,869100
2013-10-18,41.18000030517578,998800
2013-10-21,41.88999938964844,798500
2013-10-22,41.54999923706055,468400
2013-10-23,41.849998474121094,959100
2013-10-24,47.439998626708984,3941600
2013-10-25,50.439998626708984,3027100
2013-10-28,49.4900016784668,1333000
2013-10-29,49.650001525878906,832200
2013-10-30,49.16999816894531,727200
2013-10-31,49.349998474121094,633900
2013-11-01,47.630001068115234,1137900
2013-11-04,48.119998931884766,712600
2013-11-05,48.099998474121094,489700
2013-11-06,47.790000915527344,557300
2013-11-07,47.06999969482422,699700
2013-11-08,48.65999984741211,883000
2013-11-11,49.2599983215332,677900
2013-11-12,49.11000061035156,492400
2013-11-13,48.95000076293945,533500
2013-11-14,49.40999984741211,360800
2013-11-15,50.11000061035156,804400
2013-11-18,50.279998779296875,1055700
2013-11-19,49.880001068115234,544700
2013-11-20,49.68000030517578,349500
2013-11-21,50.86000061035156,639900
2013-11-22,50.439998626708984,370100
2013-11-25,51.34000015258789,813800
2013-11-26,53.02000045776367,1291700
2013-11-27,52.880001068115234,1028300
2013-11-29,53.2599983215332,460800
2013-12-02,52.75,705000
2013-12-03,52.93000030517578,764300
2013-12-04,52.79999923706055,1132400
2013-12-05,52.540000915527344,576700
2013-12-06,53.2599983215332,519500
2013-12-09,53.439998626708984,409900
2013-12-10,53.09000015258789,461300
2013-12-11,51.880001068115234,438200
2013-12-12,52.52000045776367,378700
2013-12-13,51.97999954223633,370200
2013-12-16,53.25,442700
2013-12-17,53.2599983215332,318400
2013-12-18,54.869998931884766,695600
2013-12-19,54.5099983215332,505700
2013-12-20,56.06999969482422,1181000
2013-12-23,56.11000061035156,573000
2013-12-24,56.130001068115234,231500
2013-12-26,56.540000915527344,269100
2013-12-27,56.2400016784668,361000
2013-12-30,55.959999084472656,260400
2013-12-31,56.63999938964844,347600
2014-01-02,56.290000915527344,600700
2014-01-03,56.75,550300
2014-01-06,55.7599983215332,608700
2014-01-07,56.0,651800
2014-01-08,54.9900016784668,1296400
2014-01-09,54.790000915527344,516000
2014-01-10,54.849998474121094,449900
2014-01-13,54.18000030517578,559700
2014-01-14,55.150001525878906,416100
2014-01-15,55.2400016784668,603300
2014-01-16,50.88999938964844,2258000
2014-01-17,49.86000061035156,2048500
2014-01-21,51.58000183105469,995900
2014-01-22,51.060001373291016,706800
2014-01-23,50.18000030517578,576100
2014-01-24,47.5,3229700
2014-01-27,45.720001220703125,1009700
2014-01-28,46.59000015258789,968400
2014-01-29,46.25,631600
2014-01-30,46.560001373291016,522900
2014-01-31,48.130001068115234,1029300
2014-02-03,46.41999816894531,822200
2014-02-04,47.099998474121094,801600
2014-02-05,47.939998626708984,1035500
2014-02-06,49.5099983215332,1134900
2014-02-07,50.16999816894531,1292400
2014-02-10,48.33000183105469,1345300
2014-02-11,48.0,1268200
2014-02-12,49.88999938964844,2095600
2014-02-13,56.63999938964844,4376500
2014-02-14,56.599998474121094,1436400
2014-02-18,56.290000915527344,1130300
2014-02-19,55.2599983215332,993400
2014-02-20,55.22999954223633,578700
2014-02-21,55.47999954223633,675900
2014-02-24,55.36000061035156,615000
2014-02-25,56.0,632700
2014-02-26,57.630001068115234,841900
2014-02-27,57.79999923706055,606900
2014-02-28,56.970001220703125,644600
2014-03-03,57.4900016784668,465300
2014-03-04,58.97999954223633,771300
2014-03-05,58.599998474121094,529100
2014-03-06,59.0,501200
2014-03-07,59.2400016784668,456200
2014-03-10,58.77000045776367,401000
2014-03-11,57.66999816894531,450800
2014-03-12,58.20000076293945,378200
2014-03-13,56.75,525400
2014-03-14,60.470001220703125,1242600
2014-03-17,61.16999816894531,967900
2014-03-18,60.66999816894531,661800
2014-03-19,60.56999969482422,511300
2014-03-20,60.709999084472656,252400
2014-03-21,60.58000183105469,509800
2014-03-24,59.45000076293945,449400
2014-03-25,59.529998779296875,424000
2014-03-26,57.900001525878906,523000
2014-03-27,57.189998626708984,636300
2014-03-28,58.11000061035156,346900
2014-03-31,58.970001220703125,499600
2014-04-01,59.2599983215332,470500
2014-04-02,60.36000061035156,673200
2014-04-03,59.45000076293945,477900
2014-04-04,57.58000183105469,694200
2014-04-07,56.380001068115234,641300
2014-04-08,58.0099983215332,594300
2014-04-09,58.869998931884766,315400
2014-04-10,57.4900016784668,559400
2014-04-11,56.0,687800
2014-04-14,56.31999969482422,629500
2014-04-15,56.88999938964844,484600
2014-04-16,57.33000183105469,351400
2014-04-17,57.720001220703125,377500
2014-04-21,58.130001068115234,341800
2014-04-22,58.75,617400
2014-04-23,58.75,580500
2014-04-24,59.029998779296875,472700
2014-04-25,58.04999923706055,576900
2014-04-28,58.7599983215332,801600
2014-04-29,58.560001373291016,623800
2014-04-30,58.880001068115234,960900
2014-05-01,54.529998779296875,3492600
2014-05-02,55.0,1377600
2014-05-05,54.290000915527344,702700
2014-05-06,52.70000076293945,921600
2014-05-07,53.529998779296875,1269300
2014-05-08,51.25,816000
2014-05-09,51.619998931884766,1184100
2014-05-12,53.7599983215332,912300
2014-05-13,52.7400016784668,975400
2014-05-14,51.31999969482422,935100
2014-05-15,51.5,1059500
2014-05-16,52.04999923706055,864500
2014-05-19,52.2400016784668,375900
2014-05-20,51.099998474121094,923700
2014-05-21,50.95000076293945,497100
2014-05-22,49.81999969482422,752100
2014-05-23,50.689998626708984,614700
2014-05-27,51.150001525878906,457200
2014-05-28,50.54999923706055,607600
2014-05-29,48.20000076293945,4953800
2014-05-30,48.68000030517578,1673600
2014-06-02,48.689998626708984,960100
2014-06-03,48.709999084472656,1085900
2014-06-04,48.2599983215332,886700
2014-06-05,48.66999816894531,1252900
2014-06-06,48.209999084472656,1102000
2014-06-09,46.650001525878906,2773700
2014-06-10,47.029998779296875,2812900
2014-06-11,47.849998474121094,1542000
2014-06-12,46.91999816894531,1196200
2014-06-13,46.720001220703125,1250800
2014-06-16,46.72999954223633,1699300
2014-06-17,46.880001068115234,720100
2014-06-18,46.29999923706055,966600
2014-06-19,46.27000045776367,721300
2014-06-20,46.95000076293945,1829800
2014-06-23,48.939998626708984,2801300
2014-06-24,49.040000915527344,1266400
2014-06-25,49.65999984741211,1128400
2014-06-26,49.06999969482422,1277000
2014-06-27,49.52000045776367,2440200
2014-06-30,48.7400016784668,1700200
2014-07-01,47.15999984741211,2478900
2014-07-02,46.970001220703125,1036800
2014-07-03,48.02000045776367,568600
2014-07-07,46.459999084472656,841900
2014-07-08,45.650001525878906,1551300
2014-07-09,45.150001525878906,988800
2014-07-10,45.060001373291016,1143900
2014-07-11,45.060001373291016,697200
2014-07-14,44.79999923706055,988800
2014-07-15,44.130001068115234,1072600
2014-07-16,43.779998779296875,1184900
2014-07-17,43.09000015258789,647200
2014-07-18,43.849998474121094,721800
2014-07-21,43.56999969482422,532000
2014-07-22,43.75,524600
2014-07-23,43.79999923706055,1131900
2014-07-24,43.77000045776367,1004200
2014-07-25,43.599998474121094,816200
2014-07-28,43.22999954223633,926800
2014-07-29,43.5,1321600
2014-07-30,45.27000045776367,2239300
2014-07-31,43.400001525878906,4398100
2014-08-01,43.11000061035156,2784200
2014-08-04,44.93000030517578,1648900
2014-08-05,45.27000045776367,1695600
2014-08-06,44.84000015258789,1182100
2014-08-07,44.86000061035156,842400
2014-08-08,45.91999816894531,565300
2014-08-11,46.31999969482422,693000
2014-08-12,45.779998779296875,622600
2014-08-13,46.13999938964844,1310200
2014-08-14,46.0,1033000
2014-08-15,45.720001220703125,1655400
2014-08-18,46.29999923706055,1169400
2014-08-19,46.90999984741211,1649100
2014-08-20,46.099998474121094,719000
2014-08-21,46.58000183105469,828200
2014-08-22,46.599998474121094,684600
2014-08-25,46.900001525878906,658200
2014-08-26,47.5,766300
2014-08-27,46.900001525878906,716600
2014-08-28,46.79999923706055,636600
2014-08-29,46.52000045776367,871900
2014-09-02,46.13999938964844,873700
2014-09-03,45.91999816894531,1317200
2014-09-04,46.66999816894531,1630000
2014-09-05,46.33000183105469,1233100
2014-09-08,46.459999084472656,1258800
2014-09-09,44.70000076293945,1242300
2014-09-10,45.13999938964844,1136500
2014-09-11,44.58000183105469,933900
2014-09-12,43.939998626708984,884700
2014-09-15,43.25,524800
2014-09-16,42.720001220703125,656200
2014-09-17,42.34000015258789,1009700
2014-09-18,42.54999923706055,688500
2014-09-19,42.369998931884766,1096700
2014-09-22,42.02000045776367,1642600
2014-09-23,42.630001068115234,1206400
2014-09-24,42.869998931884766,914700
2014-09-25,41.97999954223633,1104700
2014-09-26,42.209999084472656,1331500
2014-09-29,42.099998474121094,592400
2014-09-30,40.540000915527344,1428400
2014-10-01,39.45000076293945,2582500
2014-10-02,41.4900016784668,1503200
2014-10-03,41.099998474121094,679000
2014-10-06,40.619998931884766,652700
2014-10-07,40.13999938964844,748700
2014-10-08,41.20000076293945,764400
2014-10-09,39.849998474121094,687900
2014-10-10,38.849998474121094,780200
2014-10-13,38.93000030517578,1268900
2014-10-14,39.86000061035156,894400
2014-10-15,40.41999816894531,1143700
2014-10-16,41.41999816894531,782700
2014-10-17,41.619998931884766,1348900
2014-10-20,42.43000030517578,984700
2014-10-21,43.52000045776367,1057700
2014-10-22,43.880001068115234,1849100
2014-10-23,44.650001525878906,901700
2014-10-24,44.540000915527344,449800
2014-10-27,44.61000061035156,656500
2014-10-28,45.43000030517578,994700
2014-10-29,45.33000183105469,667500
2014-10-30,44.61000061035156,984700
2014-10-31,45.34000015258789,1614500
2014-11-03,44.939998626708984,799000
2014-11-04,44.150001525878906,855400
2014-11-05,43.52000045776367,1708500
2014-11-06,42.09000015258789,6976900
2014-11-07,40.86000061035156,2341700
2014-11-10,40.689998626708984,1120200
2014-11-11,42.43000030517578,1806300
2014-11-12,41.75,1238500
2014-11-13,41.939998626708984,709600
2014-11-14,41.869998931884766,574200
2014-11-17,41.880001068115234,1488400
2014-11-18,43.83000183105469,2281700
2014-11-19,43.4900016784668,1119400
2014-11-20,43.849998474121094,920600
2014-11-21,43.709999084472656,721900
2014-11-24,43.9900016784668,756600
2014-11-25,43.709999084472656,504700
2014-11-26,43.93000030517578,400700
2014-11-28,43.380001068115234,374500
2014-12-01,43.22999954223633,1144000
2014-12-02,44.209999084472656,1042400
2014-12-03,45.209999084472656,929300
2014-12-04,45.68000030517578,923300
2014-12-05,45.939998626708984,1413300
2014-12-08,45.599998474121094,1421400
2014-12-09,46.66999816894531,1117800
2014-12-10,45.9900016784668,904100
2014-12-11,46.04999923706055,1175300
2014-12-12,44.939998626708984,1426200
2014-12-15,45.369998931884766,1120800
2014-12-16,45.43000030517578,810100
2014-12-17,46.939998626708984,651100
2014-12-18,46.90999984741211,1362900
2014-12-19,45.970001220703125,1120200
2014-12-22,46.529998779296875,261600
2014-12-23,47.5,616700
2014-12-24,47.2599983215332,238000
2014-12-26,47.68000030517578,273800
2014-12-29,48.0,391800
2014-12-30,47.5,297500
2014-12-31,46.7599983215332,530900
2015-01-02,46.369998931884766,545200
2015-01-05,45.97999954223633,1002600
2015-01-06,45.79999923706055,1107200
2015-01-07,45.08000183105469,895800
2015-01-08,45.77000045776367,474600
2015-01-09,45.220001220703125,378800
2015-01-12,44.66999816894531,954800
2015-01-13,45.0,928100
2015-01-14,45.209999084472656,1367000
2015-01-15,45.029998779296875,1276800
2015-01-16,45.439998626708984,787500
2015-01-20,45.56999969482422,1826700
2015-01-21,45.599998474121094,660600
2015-01-22,46.349998474121094,567100
2015-01-23,45.9900016784668,819700
2015-01-26,48.0099983215332,3297500
2015-01-27,45.16999816894531,2228900
2015-01-28,44.95000076293945,606600
2015-01-29,44.40999984741211,860900
2015-01-30,43.7400016784668,916900
2015-02-02,44.869998931884766,566700
2015-02-03,45.33000183105469,725200
2015-02-04,44.95000076293945,620900
2015-02-05,45.36000061035156,697000
2015-02-06,45.849998474121094,409700
2015-02-09,46.779998779296875,666100
2015-02-10,47.61000061035156,1342200
2015-02-11,48.939998626708984,3835600
2015-02-12,49.599998474121094,1384900
2015-02-13,49.88999938964844,752500
2015-02-17,50.130001068115234,811100
2015-02-18,49.439998626708984,583200
2015-02-19,49.47999954223633,441400
2015-02-20,50.27000045776367,370800
2015-02-23,50.40999984741211,523600
2015-02-24,49.93000030517578,577200
2015-02-25,49.880001068115234,344800
2015-02-26,49.900001525878906,284700
2015-02-27,49.290000915527344,342000
2015-03-02,50.290000915527344,501800
2015-03-03,50.0099983215332,395500
2015-03-04,49.59000015258789,487300
2015-03-05,49.70000076293945,520100
2015-03-06,49.13999938964844,440800
2015-03-09,49.18000030517578,389000
2015-03-10,49.099998474121094,539800
2015-03-11,48.970001220703125,707300
2015-03-12,49.630001068115234,834300
2015-03-13,48.45000076293945,536200
2015-03-16,48.4900016784668,291300
2015-03-17,48.59000015258789,516100
2015-03-18,49.060001373291016,563800
2015-03-19,48.810001373291016,270100
2015-03-20,48.93000030517578,504600
2015-03-23,48.88999938964844,387400
2015-03-24,49.040000915527344,404600
2015-03-25,48.630001068115234,455000
2015-03-26,48.630001068115234,266100
2015-03-27,48.709999084472656,490300
2015-03-30,49.060001373291016,549300
2015-03-31,48.689998626708984,748800
2015-04-01,48.68000030517578,609200
2015-04-02,48.68000030517578,283200
2015-04-06,48.7599983215332,185700
2015-04-07,48.560001373291016,787300
2015-04-08,48.83000183105469,670400
2015-04-09,48.189998626708984,450700
2015-04-10,48.130001068115234,257500
2015-04-13,48.5,620700
2015-04-14,48.47999954223633,475700
2015-04-15,49.349998474121094,643100
2015-04-16,48.459999084472656,244800
2015-04-17,48.18000030517578,605400
2015-04-20,48.560001373291016,371500
2015-04-21,48.470001220703125,277400
2015-04-22,46.90999984741211,660400
2015-04-23,46.0,1109300
2015-04-24,46.150001525878906,760100
2015-04-27,46.310001373291016,891400
2015-04-28,47.060001373291016,746600
2015-04-29,46.4900016784668,590000
2015-04-30,41.689998626708984,4142600
2015-05-01,40.0,3215500
2015-05-04,39.619998931884766,2015400
2015-05-05,39.7599983215332,1136000
2015-05-06,39.900001525878906,854400
2015-05-07,40.290000915527344,856300
2015-05-08,41.15999984741211,870800
2015-05-11,41.38999938964844,778500
2015-05-12,41.400001525878906,615100
2015-05-13,41.72999954223633,393200
2015-05-14,42.790000915527344,1071800
2015-05-15,42.68000030517578,607900
2015-05-18,42.56999969482422,471100
2015-05-19,42.189998626708984,470800
2015-05-20,43.630001068115234,969200
2015-05-21,43.31999969482422,936300
2015-05-22,43.0,569400
2015-05-26,41.72999954223633,425000
2015-05-27,42.220001220703125,354000
2015-05-28,42.119998931884766,437400
2015-05-29,41.779998779296875,731600
2015-06-01,41.25,718700
2015-06-02,41.529998779296875,479800
2015-06-03,41.66999816894531,420100
2015-06-04,41.18000030517578,685400
2015-06-05,40.7400016784668,564700
2015-06-08,40.540000915527344,436200
2015-06-09,40.38999938964844,494300
2015-06-10,40.689998626708984,555300
2015-06-11,40.43000030517578,629500
2015-06-12,40.52000045776367,597000
2015-06-15,40.220001220703125,543100
2015-06-16,40.310001373291016,299500
2015-06-17,40.02000045776367,398600
2015-06-18,39.869998931884766,587700
2015-06-19,39.77000045776367,709500
2015-06-22,39.810001373291016,442600
2015-06-23,39.900001525878906,438800
2015-06-24,40.33000183105469,863800
2015-06-25,40.08000183105469,567300
2015-06-26,40.599998474121094,658000
2015-06-29,39.86000061035156,636400
2015-06-30,39.75,454800
2015-07-01,39.779998779296875,532900
2015-07-02,37.63999938964844,3031600
2015-07-06,36.7400016784668,804800
2015-07-07,36.66999816894531,606200
2015-07-08,36.029998779296875,602300
2015-07-09,36.16999816894531,479300
2015-07-10,36.04999923706055,712900
2015-07-13,36.54999923706055,473900
2015-07-14,36.20000076293945,490900
2015-07-15,35.619998931884766,524300
2015-07-16,36.04999923706055,540200
2015-07-17,35.84000015258789,626900
2015-07-20,35.849998474121094,572800
2015-07-21,35.689998626708984,717700
2015-07-22,35.86000061035156,532800
2015-07-23,35.66999816894531,846400
2015-07-24,34.720001220703125,862600
2015-07-27,34.33000183105469,809400
2015-07-28,34.70000076293945,1131700
2015-07-29,35.63999938964844,523800
2015-07-30,35.400001525878906,486700
2015-07-31,35.06999969482422,915900
2015-08-03,34.5,733900
2015-08-04,34.4900016784668,767700
2015-08-05,33.83000183105469,1253600
2015-08-06,29.100000381469727,6281000
2015-08-07,27.889999389648438,2182300
2015-08-10,28.75,1533100
2015-08-11,28.219999313354492,1206400
2015-08-12,29.059999465942383,1963900
2015-08-13,29.579999923706055,1466900
2015-08-14,30.059999465942383,1027700
2015-08-17,29.84000015258789,584700
2015-08-18,30.3700008392334,766100
2015-08-19,30.229999542236328,926100
2015-08-20,29.760000228881836,728800
2015-08-21,29.239999771118164,1044100
2015-08-24,28.260000228881836,1091500
2015-08-25,27.920000076293945,674200
2015-08-26,29.979999542236328,1268600
2015-08-27,30.559999465942383,1141500
2015-08-28,30.31999969482422,697900
2015-08-31,30.920000076293945,2935800
2015-09-01,30.489999771118164,1089800
2015-09-02,30.829999923706055,720200
2015-09-03,31.209999084472656,649800
2015-09-04,30.90999984741211,679400
2015-09-08,31.280000686645508,945000
2015-09-09,31.34000015258789,815300
2015-09-10,31.040000915527344,622300
2015-09-11,31.209999084472656,365200
2015-09-14,30.8799991607666,621500
2015-09-15,31.239999771118164,601900
2015-09-16,31.579999923706055,528600
2015-09-17,31.040000915527344,386200
2015-09-18,29.709999084472656,1271900
2015-09-21,29.020000457763672,946900
2015-09-22,28.709999084472656,906900
2015-09-23,28.469999313354492,784200
2015-09-24,28.209999084472656,564500
2015-09-25,27.969999313354492,825100
2015-09-28,27.15999984741211,654400
2015-09-29,27.239999771118164,608000
2015-09-30,30.09000015258789,2313800
2015-10-01,29.1299991607666,4210400
2015-10-02,27.6200008392334,1641200
2015-10-05,29.059999465942383,880200
2015-10-06,28.809999465942383,652600
2015-10-07,29.100000381469727,785700
2015-10-08,30.020000457763672,819400
2015-10-09,29.510000228881836,623200
2015-10-12,29.149999618530273,473200
2015-10-13,29.040000915527344,586800
2015-10-14,28.190000534057617,682500
2015-10-15,28.0,714600
2015-10-16,27.93000030517578,647800
2015-10-19,27.479999542236328,466500
2015-10-20,27.729999542236328,710000
2015-10-21,26.989999771118164,1046200
2015-10-22,27.829999923706055,699700
2015-10-23,28.540000915527344,922500
2015-10-26,27.959999084472656,857900
2015-10-27,26.8799991607666,1563300
2015-10-28,30.1299991607666,5316200
2015-10-29,32.0,2654100
2015-10-30,31.559999465942383,767600
2015-11-02,32.38999938964844,870800
2015-11-03,31.8799991607666,637800
2015-11-04,32.2400016784668,637400
2015-11-05,31.56999969482422,654200
2015-11-06,30.850000381469727,747800
2015-11-09,30.329999923706055,615800
2015-11-10,30.360000610351562,419700
2015-11-11,29.579999923706055,607100
2015-11-12,28.860000610351562,667500
2015-11-13,29.700000762939453,946900
2015-11-16,30.06999969482422,578300
2015-11-17,30.309999465942383,810100
2015-11-18,30.06999969482422,409800
2015-11-19,30.149999618530273,453200
2015-11-20,30.299999237060547,521500
2015-11-23,30.170000076293945,570100
2015-11-24,31.030000686645508,810400
2015-11-25,31.649999618530273,613500
2015-11-27,31.579999923706055,331100
2015-11-30,32.099998474121094,754200
2015-12-01,32.529998779296875,1103100
2015-12-02,31.920000076293945,802600
2015-12-03,31.440000534057617,1099300
2015-12-04,31.34000015258789,857700
2015-12-07,31.459999084472656,927700
2015-12-08,30.299999237060547,859900
2015-12-09,30.200000762939453,892800
2015-12-10,30.969999313354492,474700
2015-12-11,30.799999237060547,844800
2015-12-14,30.3799991607666,849900
2015-12-15,29.81999969482422,1080700
2015-12-16,29.959999084472656,700100
2015-12-17,29.139999389648438,782000
2015-12-18,28.459999084472656,1300600
2015-12-21,28.920000076293945,565100
2015-12-22,29.489999771118164,362000
2015-12-23,30.399999618530273,489500
2015-12-24,30.860000610351562,177100
2015-12-28,30.389999389648438,415500
2015-12-29,30.889999389648438,380900
2015-12-30,30.559999465942383,374900
2015-12-31,29.770000457763672,771200
2016-01-04,28.90999984741211,803200
2016-01-05,28.639999389648438,626800
2016-01-06,28.579999923706055,659700
2016-01-07,28.030000686645508,862000
2016-01-08,28.0,1157200
2016-01-11,29.040000915527344,1445000
2016-01-12,30.200000762939453,1717600
2016-01-13,28.739999771118164,977300
2016-01-14,28.030000686645508,813800
2016-01-15,27.350000381469727,1319000
2016-01-19,27.270000457763672,1116400
2016-01-20,28.559999465942383,1071900
2016-01-21,29.15999984741211,1054100
2016-01-22,30.56999969482422,1719900
2016-01-25,27.260000228881836,1554800
2016-01-26,27.889999389648438,812700
2016-01-27,27.989999771118164,534700
2016-01-28,27.75,710200
2016-01-29,28.420000076293945,994900
2016-02-01,29.399999618530273,762600
2016-02-02,28.260000228881836,436200
2016-02-03,28.40999984741211,370100
2016-02-04,29.139999389648438,507700
2016-02-05,28.75,773700
2016-02-08,28.93000030517578,748700
2016-02-09,27.920000076293945,720100
2016-02-10,27.969999313354492,626000
2016-02-11,28.280000686645508,544600
2016-02-12,27.90999984741211,1132900
2016-02-16,32.75,3328400
2016-02-17,32.66999816894531,2258700
2016-02-18,33.97999954223633,1132600
2016-02-19,34.04999923706055,876000
2016-02-22,34.119998931884766,844700
2016-02-23,34.63999938964844,910000
2016-02-24,34.619998931884766,827700
2016-02-25,34.119998931884766,864200
2016-02-26,34.83000183105469,726500
2016-02-29,34.7400016784668,892400
2016-03-01,34.9900016784668,664700
2016-03-02,34.61000061035156,610800
2016-03-03,35.34000015258789,582900
2016-03-04,34.90999984741211,489000
2016-03-07,35.959999084472656,809800
2016-03-08,35.08000183105469,328900
2016-03-09,34.91999816894531,429000
2016-03-10,35.040000915527344,360100
2016-03-11,35.630001068115234,292600
2016-03-14,36.380001068115234,745400
2016-03-15,36.400001525878906,494700
2016-03-16,36.68000030517578,567800
2016-03-17,38.040000915527344,768900
2016-03-18,38.5099983215332,1117500
2016-03-21,37.77000045776367,337800
2016-03-22,37.9900016784668,243900
2016-03-23,37.119998931884766,527400
2016-03-24,36.720001220703125,441000
2016-03-28,35.93000030517578,1064400
2016-03-29,36.68000030517578,1270500
2016-03-30,37.619998931884766,642300
2016-03-31,37.2400016784668,389100
2016-04-01,37.63999938964844,461900
2016-04-04,36.7599983215332,406500
2016-04-05,36.470001220703125,309700
2016-04-06,36.40999984741211,283000
2016-04-07,36.38999938964844,426300
2016-04-08,36.61000061035156,305700
2016-04-11,36.86000061035156,232400
2016-04-12,37.040000915527344,287500
2016-04-13,38.02000045776367,292400
2016-04-14,38.040000915527344,368600
2016-04-15,38.220001220703125,262900
2016-04-18,38.220001220703125,314800
2016-04-19,38.4900016784668,277000
2016-04-20,38.279998779296875,291200
2016-04-21,38.18000030517578,356600
2016-04-22,39.25,518200
2016-04-25,37.86000061035156,361300
2016-04-26,38.099998474121094,468800
2016-04-27,38.7400016784668,340800
2016-04-28,38.369998931884766,217400
2016-04-29,38.119998931884766,326100
2016-05-02,37.849998474121094,261600
2016-05-03,37.43000030517578,694400
2016-05-04,34.81999969482422,1478400
2016-05-05,34.65999984741211,541400
2016-05-06,34.790000915527344,380300
2016-05-09,34.81999969482422,337900
2016-05-10,35.290000915527344,389500
2016-05-11,34.95000076293945,574600
2016-05-12,35.47999954223633,464400
2016-05-13,35.27000045776367,593600
2016-05-16,36.63999938964844,604300
2016-05-17,35.38999938964844,767100
2016-05-18,35.41999816894531,273100
2016-05-19,35.040000915527344,297700
2016-05-20,36.0099983215332,418800
2016-05-23,36.86000061035156,640300
2016-05-24,37.790000915527344,484700
2016-05-25,37.43000030517578,584200
2016-05-26,37.58000183105469,294600
2016-05-27,37.70000076293945,333400
2016-05-31,37.90999984741211,412300
2016-06-01,37.779998779296875,381700
2016-06-02,37.58000183105469,390700
2016-06-03,37.619998931884766,252500
2016-06-06,38.369998931884766,367000
2016-06-07,38.459999084472656,304600
2016-06-08,38.9900016784668,279700
2016-06-09,38.52000045776367,254700
2016-06-10,37.810001373291016,300600
2016-06-13,37.59000015258789,324500
2016-06-14,37.70000076293945,296600
2016-06-15,37.59000015258789,207800
2016-06-16,36.9900016784668,319600
2016-06-17,37.040000915527344,727700
2016-06-20,38.02000045776367,328800
2016-06-21,36.5,392100
2016-06-22,35.70000076293945,483200
2016-06-23,36.310001373291016,284200
2016-06-24,34.619998931884766,1015000
2016-06-27,33.86000061035156,461700
2016-06-28,33.93000030517578,360000
2016-06-29,34.25,268600
2016-06-30,34.959999084472656,374400
2016-07-01,35.43000030517578,215500
2016-07-05,34.470001220703125,184300
2016-07-06,34.77000045776367,258700
2016-07-07,35.38999938964844,215100
2016-07-08,36.83000183105469,668500
2016-07-11,37.56999969482422,312800
2016-07-12,37.56999969482422,294900
2016-07-13,36.77000045776367,315900
2016-07-14,36.900001525878906,313200
2016-07-15,37.209999084472656,337700
2016-07-18,37.2400016784668,261400
2016-07-19,37.13999938964844,188400
2016-07-20,37.869998931884766,209800
2016-07-21,37.72999954223633,211400
2016-07-22,37.95000076293945,212800
2016-07-25,37.689998626708984,144500
2016-07-26,37.15999984741211,589600
2016-07-27,37.529998779296875,268400
2016-07-28,37.560001373291016,206900
2016-07-29,37.790000915527344,447500
2016-08-01,35.70000076293945,885300
2016-08-02,33.130001068115234,2613300
2016-08-03,33.880001068115234,944300
2016-08-04,35.13999938964844,1233700
2016-08-05,36.0,733200
2016-08-08,35.86000061035156,333700
2016-08-09,36.02000045776367,470300
2016-08-10,35.84000015258789,420600
2016-08-11,36.099998474121094,317200
2016-08-12,35.7400016784668,399100
2016-08-15,37.150001525878906,508000
2016-08-16,36.88999938964844,602900
2016-08-17,36.66999816894531,447900
2016-08-18,36.7599983215332,317800
2016-08-19,36.88999938964844,489800
2016-08-22,36.75,511300
2016-08-23,37.130001068115234,626900
2016-08-24,37.7599983215332,1174600
2016-08-25,37.619998931884766,323300
2016-08-26,37.150001525878906,362300
2016-08-29,37.150001525878906,283200
2016-08-30,37.099998474121094,340300
2016-08-31,37.29999923706055,1936800
2016-09-01,38.0,859600
2016-09-02,37.810001373291016,712500
2016-09-06,36.97999954223633,644000
2016-09-07,36.41999816894531,619700
2016-09-08,35.720001220703125,768300
2016-09-09,34.22999954223633,1118800
2016-09-12,34.93000030517578,494900
2016-09-13,34.13999938964844,455900
2016-09-14,33.9900016784668,300900
2016-09-15,34.970001220703125,449100
2016-09-16,34.63999938964844,502200
2016-09-19,34.36000061035156,561700
2016-09-20,34.040000915527344,354000
2016-09-21,34.59000015258789,350100
2016-09-22,34.959999084472656,294200
2016-09-23,34.59000015258789,263300
2016-09-26,34.290000915527344,400700
2016-09-27,34.689998626708984,265500
2016-09-28,35.75,404400
2016-09-29,35.4900016784668,424100
2016-09-30,36.29999923706055,406900
2016-10-03,36.619998931884766,808700
2016-10-04,38.709999084472656,1648700
2016-10-05,37.41999816894531,1132900
2016-10-06,38.16999816894531,1748200
2016-10-07,36.209999084472656,1033600
2016-10-10,36.02000045776367,697700
2016-10-11,35.779998779296875,554200
2016-10-12,35.86000061035156,220000
2016-10-13,35.7400016784668,370700
2016-10-14,35.81999969482422,313200
2016-10-17,36.209999084472656,257400
2016-10-18,36.619998931884766,241400
2016-10-19,36.7400016784668,325500
2016-10-20,36.689998626708984,320200
2016-10-21,36.70000076293945,473400
2016-10-24,37.099998474121094,549400
2016-10-25,36.43000030517578,669600
2016-10-26,37.849998474121094,1359000
2016-10-27,38.29999923706055,643300
2016-10-28,38.34000015258789,571000
2016-10-31,38.09000015258789,489200
2016-11-01,36.869998931884766,684400
2016-11-02,36.709999084472656,786600
2016-11-03,36.83000183105469,435900
2016-11-04,37.189998626708984,445100
2016-11-07,38.400001525878906,688100
2016-11-08,37.900001525878906,466100
2016-11-09,39.97999954223633,901300
2016-11-10,40.290000915527344,1309900
2016-11-11,40.0099983215332,822300
2016-11-14,40.869998931884766,1110600
2016-11-15,41.09000015258789,597000
2016-11-16,40.97999954223633,599000
2016-11-17,41.40999984741211,635600
2016-11-18,41.34000015258789,620000
2016-11-21,41.060001373291016,464000
2016-11-22,41.4900016784668,358700
2016-11-23,42.09000015258789,407500
2016-11-25,42.0,168900
2016-11-28,41.56999969482422,345700
2016-11-29,40.790000915527344,475700
2016-11-30,40.97999954223633,353500
2016-12-01,41.130001068115234,447800
2016-12-02,41.15999984741211,534700
2016-12-05,41.599998474121094,354700
2016-12-06,42.400001525878906,338000
2016-12-07,43.4900016784668,498200
2016-12-08,42.970001220703125,410300
2016-12-09,42.95000076293945,298300
2016-12-12,42.61000061035156,417900
2016-12-13,41.560001373291016,904300
2016-12-14,40.84000015258789,290800
2016-12-15,41.59000015258789,450900
2016-12-16,41.47999954223633,759500
2016-12-19,41.38999938964844,350700
2016-12-20,42.4900016784668,309100
2016-12-21,42.29999923706055,243800
2016-12-22,42.08000183105469,292500
2016-12-23,42.09000015258789,170000
2016-12-27,42.130001068115234,221000
2016-12-28,41.209999084472656,280500
2016-12-29,41.119998931884766,182100
2016-12-30,40.7400016784668,265000
2017-01-03,41.939998626708984,372100
2017-01-04,42.0,299800
2017-01-05,41.119998931884766,404100
2017-01-06,40.709999084472656,312200
2017-01-09,40.290000915527344,248300
2017-01-10,40.779998779296875,654200
2017-01-11,40.619998931884766,217700
2017-01-12,40.90999984741211,452100
2017-01-13,37.9900016784668,1253300
2017-01-17,37.75,483900
2017-01-18,37.86000061035156,321500
2017-01-19,38.36000061035156,406900
2017-01-20,38.599998474121094,394000
2017-01-23,38.689998626708984,363100
2017-01-24,40.04999923706055,332500
2017-01-25,40.45000076293945,532100
2017-01-26,40.689998626708984,270500
2017-01-27,40.310001373291016,188600
2017-01-30,39.880001068115234,631400
2017-01-31,40.2599983215332,310900
2017-02-01,40.25,546800
2017-02-02,40.220001220703125,313300
2017-02-03,40.599998474121094,364400
2017-02-06,40.54999923706055,194800
2017-02-07,41.290000915527344,405400
2017-02-08,40.790000915527344,384500
2017-02-09,41.790000915527344,335000
2017-02-10,42.209999084472656,434000
2017-02-13,42.63999938964844,419000
2017-02-14,39.79999923706055,1472500
2017-02-15,40.5,638900
2017-02-16,40.15999984741211,531700
2017-02-17,40.45000076293945,734800
2017-02-21,40.34000015258789,374300
2017-02-22,40.7400016784668,483800
2017-02-23,40.06999969482422,341400
2017-02-24,39.29999923706055,304400
2017-02-27,39.869998931884766,426100
2017-02-28,39.040000915527344,384200
2017-03-01,39.83000183105469,422600
2017-03-02,39.66999816894531,309200
2017-03-03,39.470001220703125,219500
2017-03-06,39.54999923706055,253400
2017-03-07,39.18000030517578,223600
2017-03-08,38.65999984741211,184800
2017-03-09,38.380001068115234,140600
2017-03-10,38.65999984741211,232300
2017-03-13,39.16999816894531,785400
2017-03-14,37.9900016784668,486800
2017-03-15,38.7400016784668,375900
2017-03-16,38.52000045776367,182100
2017-03-17,38.459999084472656,398200
2017-03-20,38.06999969482422,328800
2017-03-21,36.790000915527344,402500
2017-03-22,37.0099983215332,514500
2017-03-23,37.31999969482422,288800
2017-03-24,37.310001373291016,270500
2017-03-27,37.4900016784668,462800
2017-03-28,37.5099983215332,435000
2017-03-29,37.400001525878906,477900
2017-03-30,37.5099983215332,348000
2017-03-31,37.279998779296875,791400
2017-04-03,37.029998779296875,440900
2017-04-04,36.91999816894531,258900
2017-04-05,34.790000915527344,858400
2017-04-06,35.77000045776367,559200
2017-04-07,35.88999938964844,317200
2017-04-10,36.189998626708984,329400
2017-04-11,36.61000061035156,432300
2017-04-12,35.599998474121094,358300
2017-04-13,35.04999923706055,411500
2017-04-17,35.75,638800
2017-04-18,35.689998626708984,617200
2017-04-19,35.5,314700
2017-04-20,35.970001220703125,523300
2017-04-21,35.9900016784668,762200
2017-04-24,36.720001220703125,405000
2017-04-25,37.130001068115234,344200
2017-04-26,37.290000915527344,468500
2017-04-27,36.22999954223633,515100
2017-04-28,35.16999816894531,666100
2017-05-01,35.540000915527344,481800
2017-05-02,35.79999923706055,443800
2017-05-03,35.29999923706055,515500
2017-05-04,35.68000030517578,308200
2017-05-05,36.08000183105469,277800
2017-05-08,36.02000045776367,177000
2017-05-09,36.029998779296875,312200
2017-05-10,35.939998626708984,279100
2017-05-11,36.02000045776367,313100
2017-05-12,35.13999938964844,291500
2017-05-15,35.75,267200
2017-05-16,35.63999938964844,313000
2017-05-17,35.04999923706055,463700
2017-05-18,34.90999984741211,429000
2017-05-19,35.220001220703125,291400
2017-05-22,35.09000015258789,263800
2017-05-23,35.18000030517578,272300
2017-05-24,34.93000030517578,484500
2017-05-25,34.75,388600
2017-05-26,34.83000183105469,281000
2017-05-30,34.52000045776367,358700
2017-05-31,34.650001525878906,336300
2017-06-01,35.91999816894531,326500
2017-06-02,35.95000076293945,308600
2017-06-05,35.630001068115234,215500
2017-06-06,35.400001525878906,213000
2017-06-07,35.33000183105469,336100
2017-06-08,35.349998474121094,571700
2017-06-09,36.279998779296875,403300
2017-06-12,36.029998779296875,323800
2017-06-13,36.060001373291016,260600
2017-06-14,35.9900016784668,385400
2017-06-15,36.0,183700
2017-06-16,35.599998474121094,424900
2017-06-19,36.09000015258789,337100
2017-06-20,35.650001525878906,222900
2017-06-21,35.369998931884766,261000
2017-06-22,35.529998779296875,181100
2017-06-23,35.900001525878906,325400
2017-06-26,35.59000015258789,286200
2017-06-27,35.43000030517578,293000
2017-06-28,35.75,298700
2017-06-29,36.150001525878906,569600
2017-06-30,36.130001068115234,318200
2017-07-03,36.59000015258789,197100
2017-07-05,36.75,291100
2017-07-06,36.029998779296875,298100
2017-07-07,36.13999938964844,209700
2017-07-10,36.150001525878906,416500
2017-07-11,35.90999984741211,188200
2017-07-12,35.95000076293945,268900
2017-07-13,35.91999816894531,241900
2017-07-14,36.029998779296875,135700
2017-07-17,36.20000076293945,181400
2017-07-18,36.20000076293945,214000
2017-07-19,36.650001525878906,212300
2017-07-20,36.810001373291016,245200
2017-07-21,36.369998931884766,315700
2017-07-24,36.4900016784668,275800
2017-07-25,36.540000915527344,209600
2017-07-26,36.16999816894531,252000
2017-07-27,36.189998626708984,133800
2017-07-28,36.060001373291016,164700
2017-07-31,35.970001220703125,258600
2017-08-01,36.849998474121094,663500
2017-08-02,37.349998474121094,613400
2017-08-03,37.7599983215332,540000
2017-08-04,38.220001220703125,282100
2017-08-07,38.349998474121094,516100
2017-08-08,38.63999938964844,517600
2017-08-09,38.310001373291016,375400
2017-08-10,37.349998474121094,299000
2017-08-11,37.38999938964844,399600
2017-08-14,37.65999984741211,168500
2017-08-15,37.130001068115234,178500
2017-08-16,37.2400016784668,218800
2017-08-17,36.349998474121094,195700
2017-08-18,36.40999984741211,248500
2017-08-21,36.68000030517578,193000
2017-08-22,37.2400016784668,215200
2017-08-23,36.189998626708984,200300
2017-08-24,37.70000076293945,720000
2017-08-25,38.59000015258789,848300
2017-08-28,38.060001373291016,1066300
2017-08-29,37.79999923706055,561100
2017-08-30,39.45000076293945,691900
2017-08-31,40.380001068115234,793100
2017-09-01,40.65999984741211,639000
2017-09-05,42.04999923706055,1313600
2017-09-06,43.59000015258789,1599200
2017-09-07,42.849998474121094,2369300
2017-09-08,41.79999923706055,1751100
2017-09-11,41.90999984741211,1365400
2017-09-12,43.41999816894531,1160600
2017-09-13,42.970001220703125,939700
2017-09-14,43.15999984741211,610500
2017-09-15,45.279998779296875,2011100
2017-09-18,46.060001373291016,1111800
2017-09-19,46.150001525878906,521100
2017-09-20,45.93000030517578,813800
2017-09-21,45.0,615300
2017-09-22,45.380001068115234,538300
2017-09-25,45.41999816894531,380000
2017-09-26,45.11000061035156,297800
2017-09-27,45.5,525200
2017-09-28,45.619998931884766,480700
2017-09-29,45.93000030517578,487400
2017-10-02,48.619998931884766,975700
2017-10-03,48.68000030517578,512500
2017-10-04,48.7400016784668,366400
2017-10-05,48.72999954223633,630900
2017-10-06,49.029998779296875,364900
2017-10-09,48.72999954223633,423600
2017-10-10,48.91999816894531,324500
2017-10-11,49.09000015258789,350100
2017-10-12,49.880001068115234,819100
2017-10-13,50.58000183105469,359100
2017-10-16,50.88999938964844,463100
2017-10-17,50.4900016784668,808000
2017-10-18,50.0,753100
2017-10-19,49.349998474121094,666000
2017-10-20,50.61000061035156,452400
2017-10-23,50.86000061035156,435300
2017-10-24,51.630001068115234,392000
2017-10-25,51.689998626708984,456200
2017-10-26,52.0,486200
2017-10-27,51.97999954223633,433500
2017-10-30,51.95000076293945,413700
2017-10-31,52.09000015258789,571100
2017-11-01,50.34000015258789,1433800
2017-11-02,51.29999923706055,829800
2017-11-03,50.20000076293945,546200
2017-11-06,50.599998474121094,369900
2017-11-07,49.310001373291016,397900
2017-11-08,49.29999923706055,594000
2017-11-09,48.90999984741211,417200
2017-11-10,49.84000015258789,493400
2017-11-13,49.72999954223633,479800
2017-11-14,49.540000915527344,373500
2017-11-15,49.400001525878906,361700
2017-11-16,50.189998626708984,471900
2017-11-17,50.310001373291016,486300
2017-11-20,48.7599983215332,765700
2017-11-21,48.58000183105469,486000
2017-11-22,48.68000030517578,313700
2017-11-24,48.7599983215332,137700
2017-11-27,48.209999084472656,621500
2017-11-28,48.84000015258789,414800
2017-11-29,48.310001373291016,401000
2017-11-30,49.16999816894531,459700
2017-12-01,48.72999954223633,613900
2017-12-04,48.7599983215332,457900
2017-12-05,48.5,410400
2017-12-06,48.540000915527344,287200
2017-12-07,48.66999816894531,278000
2017-12-08,48.86000061035156,373200
2017-12-11,49.279998779296875,382000
2017-12-12,49.41999816894531,329800
2017-12-13,49.720001220703125,311800
2017-12-14,48.5099983215332,320800
2017-12-15,48.939998626708984,646500
2017-12-18,49.880001068115234,542100
2017-12-19,49.40999984741211,252800
2017-12-20,49.650001525878906,408600
2017-12-21,50.130001068115234,177200
2017-12-22,50.36000061035156,167400
2017-12-26,50.150001525878906,196800
2017-12-27,49.86000061035156,156500
2017-12-28,49.810001373291016,166100
2017-12-29,49.52000045776367,351700
2018-01-02,48.029998779296875,560900
2018-01-03,49.72999954223633,841700
2018-01-04,50.06999969482422,435600
2018-01-05,50.40999984741211,234800
2018-01-08,49.529998779296875,278600
2018-01-09,48.349998474121094,587500
2018-01-10,47.38999938964844,748500
2018-01-11,49.02000045776367,511700
2018-01-12,49.27000045776367,252700
2018-01-16,48.9900016784668,299000
2018-01-17,50.54999923706055,455500
2018-01-18,50.40999984741211,355500
2018-01-19,51.63999938964844,473900
2018-01-22,51.70000076293945,300400
2018-01-23,51.630001068115234,238200
2018-01-24,51.5,623900
2018-01-25,50.61000061035156,279800
2018-01-26,51.13999938964844,177700
2018-01-29,51.41999816894531,417400
2018-01-30,50.470001220703125,271400
2018-01-31,48.93000030517578,383500
2018-02-01,49.22999954223633,401700
2018-02-02,49.2400016784668,344100
2018-02-05,48.290000915527344,675000
2018-02-06,48.630001068115234,588900
2018-02-07,48.400001525878906,322800
2018-02-08,46.529998779296875,332900
2018-02-09,46.470001220703125,577800
2018-02-12,47.9900016784668,563900
2018-02-13,45.029998779296875,2075400
2018-02-14,46.58000183105469,1425500
2018-02-15,45.75,609200
2018-02-16,45.689998626708984,265400
2018-02-20,45.11000061035156,219000
2018-02-21,45.09000015258789,255900
2018-02-22,45.650001525878906,364900
2018-02-23,45.38999938964844,214500
2018-02-26,46.20000076293945,288100
2018-02-27,46.11000061035156,453900
2018-02-28,44.47999954223633,371300
2018-03-01,43.34000015258789,568000
2018-03-02,43.720001220703125,577900
2018-03-05,44.5,369900
2018-03-06,45.25,724200
2018-03-07,45.45000076293945,456600
2018-03-08,47.0099983215332,775300
2018-03-09,47.61000061035156,488900
2018-03-12,46.68000030517578,434200
2018-03-13,46.5099983215332,361400
2018-03-14,46.349998474121094,707300
2018-03-15,46.31999969482422,446200
2018-03-16,47.38999938964844,1172100
2018-03-19,46.630001068115234,675000
2018-03-20,46.86000061035156,303500
2018-03-21,46.790000915527344,418800
2018-03-22,45.31999969482422,323800
2018-03-23,44.470001220703125,230100
2018-03-26,45.63999938964844,272100
2018-03-27,45.06999969482422,399400
2018-03-28,46.040000915527344,926600
2018-03-29,45.90999984741211,380500
2018-04-02,44.630001068115234,353000
2018-04-03,45.27000045776367,269500
2018-04-04,45.70000076293945,314200
2018-04-05,46.209999084472656,414700
2018-04-06,45.29999923706055,298500
2018-04-09,44.90999984741211,287500
2018-04-10,45.810001373291016,400400
2018-04-11,45.790000915527344,314100
2018-04-12,46.22999954223633,416700
2018-04-13,45.970001220703125,379000
2018-04-16,47.0099983215332,990700
2018-04-17,47.84000015258789,1431000
2018-04-18,47.900001525878906,565700
2018-04-19,47.189998626708984,373700
2018-04-20,45.77000045776367,561800
2018-04-23,46.59000015258789,530400
2018-04-24,45.630001068115234,314300
2018-04-25,45.84000015258789,350000
2018-04-26,45.29999923706055,506300
2018-04-27,45.029998779296875,623800
2018-04-30,45.0099983215332,643400
2018-05-01,44.970001220703125,555600
2018-05-02,45.349998474121094,1318300
2018-05-03,44.939998626708984,433400
2018-05-04,46.029998779296875,574500
2018-05-07,47.029998779296875,412300
2018-05-08,47.5099983215332,342300
2018-05-09,48.45000076293945,493000
2018-05-10,48.65999984741211,401400
2018-05-11,49.25,431700
2018-05-14,48.63999938964844,206200
2018-05-15,48.54999923706055,274400
2018-05-16,48.939998626708984,286500
2018-05-17,49.33000183105469,188800
2018-05-18,49.709999084472656,356600
2018-05-21,50.400001525878906,328900
2018-05-22,50.119998931884766,232000
2018-05-23,50.540000915527344,292200
2018-05-24,49.33000183105469,413700
2018-05-25,49.040000915527344,317900
2018-05-29,49.380001068115234,355100
2018-05-30,50.52000045776367,274300
2018-05-31,50.09000015258789,251100
2018-06-01,50.439998626708984,362000
2018-06-04,50.38999938964844,226700
2018-06-05,50.25,333000
2018-06-06,51.040000915527344,380000
2018-06-07,51.029998779296875,217400
2018-06-08,51.060001373291016,250000
2018-06-11,51.220001220703125,185600
2018-06-12,51.13999938964844,287300
2018-06-13,51.279998779296875,303400
2018-06-14,52.08000183105469,614900
2018-06-15,52.560001373291016,447200
2018-06-18,52.81999969482422,450900
2018-06-19,52.25,479500
2018-06-20,51.5099983215332,443900
2018-06-21,50.209999084472656,416100
2018-06-22,50.459999084472656,352800
2018-06-25,50.029998779296875,272400
2018-06-26,50.720001220703125,316300
2018-06-27,50.7599983215332,410700
2018-06-28,51.29999923706055,277700
2018-06-29,51.72999954223633,452800
2018-07-02,51.5,418900
2018-07-03,51.63999938964844,178600
2018-07-05,52.970001220703125,327000
2018-07-06,53.220001220703125,368500
2018-07-09,53.66999816894531,339800
2018-07-10,53.56999969482422,317300
2018-07-11,52.900001525878906,350300
2018-07-12,52.7599983215332,234100
2018-07-13,53.0099983215332,188300
2018-07-16,52.380001068115234,254000
2018-07-17,50.41999816894531,1057700
2018-07-18,51.02000045776367,421100
2018-07-19,51.40999984741211,279800
2018-07-20,50.869998931884766,187500
2018-07-23,51.349998474121094,339200
2018-07-24,51.61000061035156,366800
2018-07-25,51.869998931884766,330200
2018-07-26,53.279998779296875,272900
2018-07-27,52.810001373291016,457100
2018-07-30,52.900001525878906,433700
2018-07-31,53.75,560300
2018-08-01,54.470001220703125,1450900
2018-08-02,55.38999938964844,1086900
2018-08-03,55.7599983215332,701500
2018-08-06,55.13999938964844,652400
2018-08-07,55.68000030517578,503000
2018-08-08,55.540000915527344,783700
2018-08-09,55.27000045776367,302300
2018-08-10,54.689998626708984,190600
2018-08-13,53.900001525878906,227200
2018-08-14,54.869998931884766,390200
2018-08-15,54.130001068115234,387000
2018-08-16,54.79999923706055,311600
2018-08-17,54.79999923706055,402600
2018-08-20,54.65999984741211,333600
2018-08-21,55.7400016784668,786600
2018-08-22,56.11000061035156,666200
2018-08-23,54.2599983215332,419800
2018-08-24,54.36000061035156,354100
2018-08-27,54.790000915527344,270500
2018-08-28,55.06999969482422,382800
2018-08-29,55.31999969482422,370000
2018-08-30,54.93000030517578,300800
2018-08-31,55.4900016784668,333700
2018-09-04,54.939998626708984,450900
2018-09-05,54.900001525878906,444800
2018-09-06,55.5,443000
2018-09-07,55.720001220703125,466800
2018-09-10,58.83000183105469,2563800
2018-09-11,59.439998626708984,1367800
2018-09-12,58.13999938964844,1166000
2018-09-13,57.65999984741211,664100
2018-09-14,57.5,547300
2018-09-17,58.150001525878906,535500
2018-09-18,58.459999084472656,443500
2018-09-19,57.31999969482422,388800
2018-09-20,58.02000045776367,359800
2018-09-21,57.970001220703125,554400
2018-09-24,58.189998626708984,282200
2018-09-25,58.0,268900
2018-09-26,57.16999816894531,270200
2018-09-27,56.29999923706055,488500
2018-09-28,56.40999984741211,446500
2018-10-01,56.4900016784668,367500
2018-10-02,55.209999084472656,700700
2018-10-03,55.40999984741211,350400
2018-10-04,56.029998779296875,405800
2018-10-05,56.130001068115234,1148100
2018-10-08,57.040000915527344,475000
2018-10-09,57.04999923706055,1178600
2018-10-10,57.04999923706055,1918600
2018-10-11,54.470001220703125,1313100
2018-10-12,54.630001068115234,944100
2018-10-15,55.5099983215332,678600
2018-10-16,57.18000030517578,458100
2018-10-17,56.29999923706055,349100
2018-10-18,56.5,512200
2018-10-19,55.95000076293945,415800
2018-10-22,55.130001068115234,376900
2018-10-23,53.2400016784668,539200
2018-10-24,50.33000183105469,757600
2018-10-25,50.849998474121094,584800
2018-10-26,49.72999954223633,377200
2018-10-29,49.189998626708984,551200
2018-10-30,50.34000015258789,320200
2018-10-31,50.72999954223633,788300
2018-11-01,53.720001220703125,1191100
2018-11-02,52.27000045776367,634000
2018-11-05,52.650001525878906,550000
2018-11-06,54.11000061035156,328200
2018-11-07,56.130001068115234,582600
2018-11-08,54.75,247500
2018-11-09,54.5099983215332,369300
2018-11-12,53.58000183105469,314700
2018-11-13,54.900001525878906,488900
2018-11-14,55.54999923706055,380200
2018-11-15,56.31999969482422,347500
2018-11-16,56.79999923706055,330400
2018-11-19,56.189998626708984,315000
2018-11-20,55.560001373291016,476000
2018-11-21,56.560001373291016,594900
2018-11-23,54.540000915527344,377100
2018-11-26,55.22999954223633,634700
2018-11-27,56.189998626708984,358400
2018-11-28,57.18000030517578,434900
2018-11-29,56.77000045776367,192100
2018-11-30,56.91999816894531,342600
2018-12-03,56.20000076293945,533600
2018-12-04,52.40999984741211,594000
2018-12-06,52.83000183105469,428700
2018-12-07,52.52000045776367,383300
2018-12-10,52.689998626708984,263300
2018-12-11,51.540000915527344,433500
2018-12-12,53.189998626708984,231700
2018-12-13,53.52000045776367,311700
2018-12-14,52.119998931884766,298200
2018-12-17,51.5,355500
2018-12-18,51.43000030517578,359000
2018-12-19,50.20000076293945,239800
2018-12-20,48.79999923706055,382200
2018-12-21,47.20000076293945,585200
2018-12-24,45.529998779296875,329000
2018-12-26,48.400001525878906,302400
2018-12-27,49.15999984741211,228300
2018-12-28,49.11000061035156,306100
2018-12-31,49.70000076293945,322300
2019-01-02,50.9900016784668,434600
2019-01-03,49.150001525878906,282300
2019-01-04,51.13999938964844,291900
2019-01-07,51.06999969482422,358700
2019-01-08,51.970001220703125,360800
2019-01-09,52.77000045776367,258900
2019-01-10,53.2599983215332,176300
2019-01-11,53.540000915527344,140400
2019-01-14,52.88999938964844,253600
2019-01-15,53.439998626708984,249600
2019-01-16,53.56999969482422,384100
2019-01-17,54.130001068115234,378300
2019-01-18,54.7400016784668,513800
2019-01-22,54.08000183105469,433800
2019-01-23,52.849998474121094,330600
2019-01-24,53.459999084472656,209000
2019-01-25,53.619998931884766,293200
2019-01-28,53.06999969482422,426000
2019-01-29,52.75,347400
2019-01-30,52.939998626708984,378700
2019-01-31,52.93000030517578,322300
2019-02-01,52.97999954223633,344700
2019-02-04,52.790000915527344,354800
2019-02-05,52.83000183105469,273900
2019-02-06,50.779998779296875,600800
2019-02-07,49.810001373291016,535000
2019-02-08,49.9900016784668,401500
2019-02-11,50.209999084472656,399300
2019-02-12,51.41999816894531,454800
2019-02-13,51.15999984741211,350100
2019-02-14,52.18000030517578,1578700
2019-02-15,52.630001068115234,630200
2019-02-19,52.7400016784668,569500
2019-02-20,53.849998474121094,680500
2019-02-21,53.119998931884766,302200
2019-02-22,52.939998626708984,370500
2019-02-25,52.79999923706055,281700
2019-02-26,51.970001220703125,304700
2019-02-27,51.88999938964844,331400
2019-02-28,51.560001373291016,297900
2019-03-01,52.5,605400
2019-03-04,52.65999984741211,574800
2019-03-05,52.13999938964844,277000
2019-03-06,51.06999969482422,235000
2019-03-07,51.27000045776367,284000
2019-03-08,51.52000045776367,295400
2019-03-11,52.790000915527344,298500
2019-03-12,52.66999816894531,264200
2019-03-13,52.900001525878906,363800
2019-03-14,52.83000183105469,316900
2019-03-15,52.88999938964844,590500
2019-03-18,53.04999923706055,181700
2019-03-19,52.560001373291016,170600
2019-03-20,51.54999923706055,243000
2019-03-21,51.900001525878906,213300
2019-03-22,49.72999954223633,332400
2019-03-25,49.58000183105469,353700
2019-03-26,50.439998626708984,166300
2019-03-27,50.47999954223633,164700
2019-03-28,50.7599983215332,157800
2019-03-29,51.22999954223633,273700
2019-04-01,52.65999984741211,357100
2019-04-02,52.150001525878906,194100
2019-04-03,52.38999938964844,238400
2019-04-04,53.0,245400
2019-04-05,53.83000183105469,355300
2019-04-08,54.5,290100
2019-04-09,53.41999816894531,261500
2019-04-10,54.060001373291016,264000
2019-04-11,54.61000061035156,295200
2019-04-12,54.93000030517578,168000
2019-04-15,54.36000061035156,205000
2019-04-16,53.97999954223633,369600
2019-04-17,54.47999954223633,292800
2019-04-18,55.02000045776367,195200
2019-04-22,54.33000183105469,162000
2019-04-23,55.5099983215332,244900
2019-04-24,56.27000045776367,281700
2019-04-25,54.779998779296875,365400
2019-04-26,55.34000015258789,266500
2019-04-29,54.9900016784668,267500
2019-04-30,54.9900016784668,350500
2019-05-01,54.81999969482422,375800
2019-05-02,57.5,748100
2019-05-03,59.9900016784668,584500
2019-05-06,59.38999938964844,559400
2019-05-07,58.75,353400
2019-05-08,58.040000915527344,272000
2019-05-09,58.08000183105469,272700
2019-05-10,58.08000183105469,346800
2019-05-13,57.08000183105469,410300
2019-05-14,56.91999816894531,319800
2019-05-15,56.63999938964844,301500
2019-05-16,57.18000030517578,345300
2019-05-17,56.54999923706055,256600
2019-05-20,56.459999084472656,325300
2019-05-21,57.029998779296875,288800
2019-05-22,57.099998474121094,181400
2019-05-23,56.2400016784668,311800
2019-05-24,56.5,177500
2019-05-28,56.45000076293945,325400
2019-05-29,55.689998626708984,204400
2019-05-30,55.849998474121094,219100
2019-05-31,55.150001525878906,278600
2019-06-03,55.81999969482422,295000
2019-06-04,57.869998931884766,238500
2019-06-05,58.11000061035156,259900
2019-06-06,58.83000183105469,193000
2019-06-07,60.220001220703125,528300
2019-06-10,62.75,1096000
2019-06-11,62.56999969482422,745600
2019-06-12,63.099998474121094,346800
2019-06-13,65.44000244140625,1247500
2019-06-14,64.75,529300
2019-06-17,64.26000213623047,465700
2019-06-18,65.4000015258789,302900
2019-06-19,65.83000183105469,348900
2019-06-20,67.79000091552734,487800
2019-06-21,68.61000061035156,700000
2019-06-24,68.91999816894531,1010300
2019-06-25,68.87000274658203,501700
2019-06-26,68.48999786376953,387900
2019-06-27,69.7699966430664,488100
2019-06-28,69.41000366210938,1036500
2019-07-01,70.5,738400
2019-07-02,70.81999969482422,582400
2019-07-03,71.08000183105469,298600
2019-07-05,71.11000061035156,235700
2019-07-08,70.73999786376953,398600
2019-07-09,70.41000366210938,257600
2019-07-10,69.79000091552734,318700
2019-07-11,69.08000183105469,553600
2019-07-12,70.5199966430664,446600
2019-07-15,71.51000213623047,363800
2019-07-16,71.55999755859375,236300
2019-07-17,68.69000244140625,846600
2019-07-18,70.87999725341797,560700
2019-07-19,71.11000061035156,555400
2019-07-22,71.48999786376953,379000
2019-07-23,73.0,653400
2019-07-24,72.66000366210938,525800
2019-07-25,72.80000305175781,233400
2019-07-26,73.5,270200
2019-07-29,72.48999786376953,521100
2019-07-30,73.25,515900
2019-07-31,72.30000305175781,417000
2019-08-01,70.91999816894531,848100
2019-08-02,71.0,547200
2019-08-05,70.0,642200
2019-08-06,72.08000183105469,579000
2019-08-07,72.47000122070312,600400
2019-08-08,73.3499984741211,757400
2019-08-09,73.0,351000
2019-08-12,72.4000015258789,236300
2019-08-13,73.26000213623047,475800
2019-08-14,71.97000122070312,496200
2019-08-15,71.91999816894531,353400
2019-08-16,73.7699966430664,584300
2019-08-19,74.33999633789062,517100
2019-08-20,74.12999725341797,318300
2019-08-21,74.6500015258789,500200
2019-08-22,76.27999877929688,943400
2019-08-23,74.7699966430664,956800
2019-08-26,74.97000122070312,428400
2019-08-27,75.05000305175781,487300
2019-08-28,76.70999908447266,1142200
2019-08-29,77.19000244140625,712400
2019-08-30,77.98999786376953,861100
2019-09-03,73.79000091552734,1314500
2019-09-04,75.79000091552734,902200
2019-09-05,80.30999755859375,1082100
2019-09-06,79.83999633789062,467100
2019-09-09,80.87000274658203,511100
2019-09-10,80.72000122070312,533600
2019-09-11,83.0199966430664,1437800
2019-09-12,82.88999938964844,1047300
2019-09-13,83.2300033569336,390800
2019-09-16,82.26000213623047,409500
2019-09-17,82.26000213623047,391900
2019-09-18,81.33000183105469,580800
2019-09-19,79.9800033569336,583400
2019-09-20,79.98999786376953,829300
2019-09-23,79.69999694824219,638500
2019-09-24,78.69000244140625,453800
2019-09-25,80.83999633789062,527200
2019-09-26,80.94000244140625,691300
2019-09-27,78.86000061035156,444300
2019-09-30,78.33999633789062,515600
2019-10-01,76.7300033569336,449300
2019-10-02,76.36000061035156,499700
2019-10-03,77.25,352000
2019-10-04,78.0,249100
2019-10-07,77.9800033569336,346900
2019-10-08,76.83000183105469,373100
2019-10-09,83.83999633789062,1822900
2019-10-10,86.1500015258789,2116400
2019-10-11,82.48999786376953,1512200
2019-10-14,83.33999633789062,517900
2019-10-15,84.66999816894531,703600
2019-10-16,86.01000213623047,664600
2019-10-17,85.73999786376953,822000
2019-10-18,87.33000183105469,674100
2019-10-21,86.55000305175781,697000
2019-10-22,87.06999969482422,707900
2019-10-23,89.70999908447266,1180600
2019-10-24,90.31999969482422,654800
2019-10-25,90.70999908447266,1102100
2019-10-28,93.25,1712200
2019-10-29,91.44999694824219,940100
2019-10-30,92.66999816894531,826100
2019-10-31,96.58000183105469,2334500
2019-11-01,91.80000305175781,2225400
2019-11-04,93.12999725341797,944400
2019-11-05,93.5999984741211,550700
2019-11-06,92.9000015258789,777300
2019-11-07,92.69000244140625,617200
2019-11-08,93.4000015258789,501200
2019-11-11,96.13999938964844,842400
2019-11-12,93.13999938964844,642800
2019-11-13,92.47000122070312,491700
2019-11-14,93.52999877929688,325700
2019-11-15,93.26000213623047,330500
2019-11-18,94.27999877929688,462400
2019-11-19,94.7699966430664,354200
2019-11-20,94.83999633789062,549400
2019-11-21,93.8499984741211,314100
2019-11-22,93.69000244140625,408100
2019-11-25,97.30999755859375,651700
2019-11-26,98.5,1757900
2019-11-27,99.04000091552734,650100
2019-11-29,98.5,274400
2019-12-02,97.5,564900
2019-12-03,97.55999755859375,397900
2019-12-04,98.31999969482422,343600
2019-12-05,98.76000213623047,536100
2019-12-06,101.73999786376953,774400
2019-12-09,99.05999755859375,549900
2019-12-10,100.51000213623047,616900
2019-12-11,99.54000091552734,571700
2019-12-12,99.58000183105469,577400
2019-12-13,99.05000305175781,551500
2019-12-16,101.19000244140625,595100
2019-12-17,100.80999755859375,513200
2019-12-18,101.23999786376953,433600
2019-12-19,101.4000015258789,296700
2019-12-20,101.80000305175781,698100
2019-12-23,101.0199966430664,321800
2019-12-24,101.68000030517578,198900
2019-12-26,101.97000122070312,184100
2019-12-27,101.70999908447266,222000
2019-12-30,101.12000274658203,400100
2019-12-31,100.58999633789062,314900
2020-01-02,102.01000213623047,392400
2020-01-03,101.66999816894531,485400
2020-01-06,101.25,395400
2020-01-07,102.9000015258789,442400
2020-01-08,100.02999877929688,718500
2020-01-09,99.4000015258789,750800
2020-01-10,98.7300033569336,516200
2020-01-13,100.91000366210938,405900
2020-01-14,102.13999938964844,385900
2020-01-15,102.29000091552734,458400
2020-01-16,103.91999816894531,484300
2020-01-17,103.5199966430664,504800
2020-01-21,102.41000366210938,315400
2020-01-22,102.56999969482422,399900
2020-01-23,102.98999786376953,368600
2020-01-24,106.66999816894531,858700
2020-01-27,104.9800033569336,680100
2020-01-28,107.08999633789062,500100
2020-01-29,109.68000030517578,506600
2020-01-30,107.5,585500
2020-01-31,103.58999633789062,591400
2020-02-03,103.73999786376953,460600
2020-02-04,104.27999877929688,530900
2020-02-05,104.06999969482422,469000
2020-02-06,102.91999816894531,687700
2020-02-07,101.3499984741211,630100
2020-02-10,109.30000305175781,3175700
2020-02-11,110.2300033569336,2807700
2020-02-12,113.72000122070312,13312000
2020-02-13,115.75,2358400
2020-02-14,113.26000213623047,1531800
2020-02-18,111.0999984741211,878600
2020-02-19,116.26000213623047,1097000
2020-02-20,116.97000122070312,579700
2020-02-21,116.19000244140625,565100
2020-02-24,112.77999877929688,674900
2020-02-25,107.30999755859375,1077400
2020-02-26,110.87000274658203,913000
2020-02-27,105.62000274658203,916900
2020-02-28,102.98999786376953,1289500
2020-03-02,108.91000366210938,875900
2020-03-03,111.23999786376953,1152400
2020-03-04,118.08000183105469,1125400
2020-03-05,116.51000213623047,966200
2020-03-06,112.0,1011400
2020-03-09,101.06999969482422,1169800
2020-03-10,108.05999755859375,1020300
2020-03-11,102.08000183105469,779200
2020-03-12,94.4000015258789,1542100
2020-03-13,99.51000213623047,1023700
2020-03-16,87.37000274658203,1085400
2020-03-17,94.80000305175781,1342500
2020-03-18,88.52999877929688,1406700
2020-03-19,88.5999984741211,1006700
2020-03-20,84.77999877929688,1456200
2020-03-23,79.01000213623047,982300
2020-03-24,85.70999908447266,841700
2020-03-25,87.7699966430664,768600
2020-03-26,96.37000274658203,738500
2020-03-27,88.95999908447266,874900
2020-03-30,93.52999877929688,715300
2020-03-31,93.16999816894531,626500
2020-04-01,83.02999877929688,813500
2020-04-02,86.4800033569336,931200
2020-04-03,84.66000366210938,477400
2020-04-06,92.0,945900
2020-04-07,89.63999938964844,561800
2020-04-08,96.3499984741211,636100
2020-04-09,101.33999633789062,781500
2020-04-13,99.04000091552734,620800
2020-04-14,102.08000183105469,632500
2020-04-15,96.80999755859375,675900
2020-04-16,96.48999786376953,723800
2020-04-17,99.30999755859375,454600
2020-04-20,99.37000274658203,422300
2020-04-21,94.1500015258789,456300
2020-04-22,96.68000030517578,335200
2020-04-23,96.97000122070312,446700
2020-04-24,97.55000305175781,627000
2020-04-27,98.8499984741211,1032000
2020-04-28,99.16000366210938,826200
2020-04-29,103.68000030517578,694500
2020-04-30,97.44000244140625,1081900
2020-05-01,93.29000091552734,824900
2020-05-04,94.41000366210938,628100
2020-05-05,99.41999816894531,722900
2020-05-06,99.5,628800
2020-05-07,99.19999694824219,401900
2020-05-08,103.86000061035156,411200
2020-05-11,103.8499984741211,680400
2020-05-12,99.7300033569336,498000
2020-05-13,97.9000015258789,543800
2020-05-14,100.66999816894531,500500
2020-05-15,104.69999694824219,676800
2020-05-18,111.41000366210938,898900
2020-05-19,110.12000274658203,661300
2020-05-20,113.01000213623047,610000
2020-05-21,114.44000244140625,717500
2020-05-22,114.4000015258789,348800
2020-05-26,118.0,679300
2020-05-27,122.05000305175781,1083500
2020-05-28,117.98999786376953,803500
2020-05-29,111.2699966430664,1139400
2020-06-01,110.56999969482422,702200
2020-06-02,110.48999786376953,690600
2020-06-03,112.22000122070312,791200
2020-06-04,110.52999877929688,675900
2020-06-05,114.83000183105469,698200
2020-06-08,113.87000274658203,878500
2020-06-09,112.97000122070312,584900
2020-06-10,113.2300033569336,646800
2020-06-11,106.62999725341797,745400
2020-06-12,105.44000244140625,1024300
2020-06-15,110.5,885300
2020-06-16,114.76000213623047,853800
2020-06-17,112.48999786376953,550000
2020-06-18,110.72000122070312,647400
2020-06-19,113.52999877929688,915600
2020-06-22,117.0199966430664,1064700
2020-06-23,116.69000244140625,1228800
2020-06-24,113.2699966430664,978400
2020-06-25,114.81999969482422,987100
2020-06-26,117.75,8019400
2020-06-29,118.87999725341797,876700
2020-06-30,121.93000030517578,928200
2020-07-01,121.08999633789062,968500
2020-07-02,122.7300033569336,577900
2020-07-06,124.88999938964844,733100
2020-07-07,124.52999877929688,673900
2020-07-08,126.58000183105469,892100
2020-07-09,126.61000061035156,391400
2020-07-10,127.37000274658203,393500
2020-07-13,126.63999938964844,688300
2020-07-14,131.1300048828125,727400
2020-07-15,133.9499969482422,811400
2020-07-16,132.5399932861328,490100
2020-07-17,134.80999755859375,491300
2020-07-20,136.63999938964844,495700
2020-07-21,136.10000610351562,566200
2020-07-22,135.5399932861328,528900
2020-07-23,136.82000732421875,843100
2020-07-24,135.25,388500
2020-07-27,138.35000610351562,419400
2020-07-28,135.30999755859375,390000
2020-07-29,139.72999572753906,700400
2020-07-30,147.83999633789062,1767400
2020-07-31,157.5800018310547,1066400
2020-08-03,162.6699981689453,818500
2020-08-04,164.57000732421875,1003200
2020-08-05,170.4199981689453,658400
2020-08-06,172.97999572753906,836500
2020-08-07,178.60000610351562,820100
2020-08-10,166.32000732421875,1684700
2020-08-11,164.86000061035156,1011700
2020-08-12,171.3000030517578,701500
2020-08-13,174.8800048828125,641700
2020-08-14,175.35000610351562,662200
2020-08-17,182.1999969482422,817600
2020-08-18,181.67999267578125,771000
2020-08-19,181.1999969482422,565100
2020-08-20,182.4499969482422,583100
2020-08-21,186.7100067138672,720200
2020-08-24,188.1300048828125,922900
2020-08-25,186.3699951171875,462500
2020-08-26,190.82000732421875,783600
2020-08-27,186.64999389648438,810000
2020-08-28,189.02000427246094,556400
2020-08-31,189.97999572753906,630200
2020-09-01,193.25,507000
2020-09-02,191.47999572753906,674300
2020-09-03,178.07000732421875,1005300
2020-09-04,178.50999450683594,985600
2020-09-08,174.8000030517578,752300
2020-09-09,183.9499969482422,587800
2020-09-10,180.02999877929688,446400
2020-09-11,178.41000366210938,507700
2020-09-14,184.10000610351562,449900
2020-09-15,187.11000061035156,393500
2020-09-16,186.52000427246094,518300
2020-09-17,184.08999633789062,641300
2020-09-18,182.67999267578125,987300
2020-09-21,181.22999572753906,559900
2020-09-22,182.89999389648438,526800
2020-09-23,175.75999450683594,611400
2020-09-24,178.07000732421875,601400
2020-09-25,180.66000366210938,607700
2020-09-28,190.17999267578125,760900
2020-09-29,188.13999938964844,613700
2020-09-30,193.63999938964844,892500
2020-10-01,196.16000366210938,715100
2020-10-02,197.75,608200
2020-10-05,207.86000061035156,805000
2020-10-06,207.3699951171875,1168500
2020-10-07,207.0399932861328,729500
2020-10-08,204.5,743500
2020-10-09,205.52999877929688,695100
2020-10-12,203.99000549316406,621700
2020-10-13,201.5399932861328,673600
2020-10-14,203.0,387500
2020-10-15,209.7899932861328,640100
2020-10-16,208.2100067138672,456200
2020-10-19,210.1300048828125,748200
2020-10-20,211.8699951171875,726200
2020-10-21,205.35000610351562,790600
2020-10-22,209.33999633789062,708000
2020-10-23,212.0399932861328,591500
2020-10-26,210.39999389648438,477600
2020-10-27,207.7100067138672,731800
2020-10-28,217.11000061035156,1432700
2020-10-29,216.57000732421875,950600
2020-10-30,210.14999389648438,813800
2020-11-02,212.57000732421875,680700
2020-11-03,221.5399932861328,639200
2020-11-04,223.5,717800
2020-11-05,230.72999572753906,602800
2020-11-06,233.0399932861328,422200
2020-11-09,220.5399932861328,1113200
2020-11-10,217.9499969482422,1027700
2020-11-11,225.2899932861328,616600
2020-11-12,219.77999877929688,529900
2020-11-13,215.97000122070312,633000
2020-11-16,213.19000244140625,740700
2020-11-17,210.08999633789062,648900
2020-11-18,211.94000244140625,722100
2020-11-19,216.75,657300
2020-11-20,222.97000122070312,802300
2020-11-23,219.6300048828125,912100
2020-11-24,213.83999633789062,1188700
2020-11-25,216.50999450683594,900600
2020-11-27,221.39999389648438,637500
2020-11-30,215.60000610351562,4147000
2020-12-01,213.02000427246094,669100
2020-12-02,210.74000549316406,637800
2020-12-03,207.5800018310547,707100
2020-12-04,205.25999450683594,819900
2020-12-07,208.91000366210938,718500
2020-12-08,216.8699951171875,1205400
2020-12-09,209.42999267578125,927000
2020-12-10,211.27000427246094,824200
2020-12-11,217.27999877929688,728500
2020-12-14,218.05999755859375,731300
2020-12-15,224.39999389648438,790500
2020-12-16,220.44000244140625,647900
2020-12-17,218.60000610351562,650100
2020-12-18,216.7899932861328,1355500
2020-12-21,230.2899932861328,1284800
2020-12-22,227.30999755859375,855200
2020-12-23,227.00999450683594,464600
2020-12-24,233.1999969482422,816100
2020-12-28,233.0399932861328,732800
2020-12-29,221.3699951171875,845100
2020-12-30,229.19000244140625,588300
2020-12-31,227.41000366210938,474300
2021-01-04,224.55999755859375,686500
2021-01-05,227.97999572753906,485300
2021-01-06,246.2899932861328,1185600
2021-01-07,254.5,893700
2021-01-08,252.5,726000
2021-01-11,260.79998779296875,750600
2021-01-12,259.04998779296875,1070200
2021-01-13,252.6300048828125,666600
2021-01-14,253.05999755859375,366200
2021-01-15,252.80999755859375,582900
2021-01-19,267.4599914550781,756800
2021-01-20,268.7900085449219,686000
2021-01-21,272.3299865722656,665800
2021-01-22,277.6099853515625,500500
2021-01-25,269.0199890136719,829800
2021-01-26,264.80999755859375,486100
2021-01-27,248.80999755859375,938800
2021-01-28,252.92999267578125,574700
2021-01-29,246.4199981689453,424200
2021-02-01,258.7300109863281,624400
2021-02-02,266.989990234375,513500
2021-02-03,264.29998779296875,293200
2021-02-04,262.239990234375,563500
2021-02-05,270.5799865722656,396400
2021-02-08,279.0,457700
2021-02-09,275.55999755859375,381000
2021-02-10,277.5400085449219,904600
2021-02-11,316.1099853515625,1619800
2021-02-12,326.8399963378906,930200
2021-02-16,350.5299987792969,1986700
2021-02-17,355.32000732421875,1332700
2021-02-18,351.4599914550781,1221000
2021-02-19,363.4700012207031,899200
2021-02-22,336.70001220703125,1026000
2021-02-23,333.0400085449219,1176600
2021-02-24,322.67999267578125,932900
2021-02-25,315.6600036621094,906000
2021-02-26,329.55999755859375,1010100
2021-03-01,346.25,809800
2021-03-02,338.70001220703125,622600
2021-03-03,318.260009765625,829200
2021-03-04,305.7200012207031,895400
2021-03-05,307.0299987792969,896400
2021-03-08,294.80999755859375,737000
2021-03-09,309.1400146484375,649400
2021-03-10,314.5,519600
2021-03-11,331.760009765625,519400
2021-03-12,329.29998779296875,386700
2021-03-15,338.1099853515625,1101800
2021-03-16,325.8900146484375,772500
2021-03-17,316.5199890136719,1259000
2021-03-18,306.9599914550781,1244400
2021-03-19,305.6300048828125,12919800
2021-03-22,313.7300109863281,1273400
2021-03-23,303.57000732421875,1137100
2021-03-24,296.8800048828125,764800
2021-03-25,301.0299987792969,749900
2021-03-26,316.0400085449219,724700
2021-03-29,303.1400146484375,712600
2021-03-30,317.75,628600
2021-03-31,327.45001220703125,1057400
2021-04-01,323.79998779296875,717600
2021-04-05,325.0400085449219,480900
2021-04-06,333.6400146484375,784000
2021-04-07,326.0199890136719,566200
2021-04-08,331.9100036621094,458400
2021-04-09,330.4100036621094,374900
2021-04-12,328.3399963378906,448400
2021-04-13,328.4700012207031,363400
2021-04-14,325.57000732421875,482200
2021-04-15,327.04998779296875,454600
2021-04-16,332.2300109863281,587000
2021-04-19,318.67999267578125,734100
2021-04-20,313.7699890136719,565800
2021-04-21,323.0199890136719,419800
2021-04-22,321.6600036621094,392800
2021-04-23,330.5799865722656,527500
2021-04-26,330.82000732421875,351800
2021-04-27,331.75,393100
2021-04-28,316.1600036621094,989700
2021-04-29,337.17999267578125,1565000
2021-04-30,323.95001220703125,877900
2021-05-03,325.25,545900
2021-05-04,312.989990234375,828600
2021-05-05,319.3299865722656,473800
2021-05-06,318.1600036621094,641000
2021-05-07,327.3800048828125,438100
2021-05-10,305.2099914550781,887700
2021-05-11,304.6199951171875,774500
2021-05-12,289.17999267578125,1110400
2021-05-13,293.3599853515625,802700
2021-05-14,300.8900146484375,524400
2021-05-17,293.95001220703125,525500
2021-05-18,295.8599853515625,771200
2021-05-19,301.6000061035156,773100
2021-05-20,308.5299987792969,549300
2021-05-21,308.67999267578125,545900
2021-05-24,310.6400146484375,526900
2021-05-25,312.8999938964844,514300
2021-05-26,320.2099914550781,694600
2021-05-27,326.2200012207031,2156300
2021-05-28,328.7200012207031,553400
2021-06-01,321.75,674000
2021-06-02,320.69000244140625,351500
2021-06-03,316.3999938964844,364800
2021-06-04,327.3999938964844,449300
2021-06-07,329.9599914550781,318100
2021-06-08,350.79998779296875,1415700
2021-06-09,343.7099914550781,559400
2021-06-10,344.6199951171875,446000
2021-06-11,349.17999267578125,328700
2021-06-14,355.0899963378906,527200
2021-06-15,362.260009765625,780400
2021-06-16,369.70001220703125,1324800
2021-06-17,378.94000244140625,967800
2021-06-18,386.3999938964844,1420500
2021-06-21,389.2099914550781,890000
2021-06-22,396.7699890136719,833700
2021-06-23,406.1199951171875,869100
2021-06-24,392.6199951171875,1109900
2021-06-25,396.04998779296875,1564400
2021-06-28,409.19000244140625,960500
2021-06-29,410.4200134277344,501400
2021-06-30,415.1499938964844,540200
2021-07-01,413.4100036621094,650100
2021-07-02,415.20001220703125,924200
2021-07-06,429.3500061035156,994300
2021-07-07,432.7699890136719,741800
2021-07-08,426.6000061035156,799400
2021-07-09,436.3699951171875,397700
2021-07-12,448.1499938964844,843400
2021-07-13,445.2300109863281,893300
2021-07-14,436.7300109863281,832300
2021-07-15,432.8599853515625,805800
2021-07-16,430.3399963378906,748700
2021-07-19,434.25,702700
2021-07-20,436.4200134277344,659000
2021-07-21,447.3399963378906,596400
2021-07-22,444.5899963378906,442200
2021-07-23,449.6400146484375,340700
2021-07-26,444.6499938964844,476300
2021-07-27,438.9200134277344,692700
2021-07-28,431.0400085449219,2889900
2021-07-29,419.29998779296875,1514500
2021-07-30,419.3599853515625,803800
2021-08-02,400.0,1273400
2021-08-03,402.0899963378906,939900
2021-08-04,400.239990234375,742100
2021-08-05,403.7200012207031,745200
2021-08-06,415.0400085449219,760500
2021-08-09,417.8599853515625,473400
2021-08-10,419.0899963378906,495400
2021-08-11,417.2200012207031,601500
2021-08-12,423.32000732421875,672800
2021-08-13,414.1000061035156,530200
2021-08-16,410.19000244140625,566800
2021-08-17,389.989990234375,955300
2021-08-18,390.04998779296875,528600
2021-08-19,391.8500061035156,429300
2021-08-20,400.32000732421875,594900
2021-08-23,415.0299987792969,628300
2021-08-24,418.8999938964844,481000
2021-08-25,425.8699951171875,497000
2021-08-26,427.4700012207031,382700
2021-08-27,437.1099853515625,754300
2021-08-30,442.70001220703125,921500
2021-08-31,436.9800109863281,803200
2021-09-01,438.7099914550781,621800
2021-09-02,453.010009765625,577700
2021-09-03,453.75,538900
2021-09-07,445.54998779296875,574000
2021-09-08,443.2099914550781,474700
2021-09-09,455.239990234375,568500
2021-09-10,451.30999755859375,526300
2021-09-13,438.69000244140625,697800
2021-09-14,433.5400085449219,390100
2021-09-15,441.5400085449219,428600
2021-09-16,440.70001220703125,465400
2021-09-17,435.3599853515625,1323900
2021-09-20,421.1700134277344,695300
2021-09-21,425.2200012207031,551100
2021-09-22,442.2699890136719,631200
2021-09-23,454.0199890136719,678700
2021-09-24,444.6099853515625,533900
2021-09-27,443.79998779296875,418300
2021-09-28,425.3399963378906,598500
2021-09-29,406.5299987792969,1441600
2021-09-30,408.6700134277344,906400
2021-10-01,404.95001220703125,671500
2021-10-04,402.0899963378906,624000
2021-10-05,403.0,416600
2021-10-06,405.1700134277344,587600
2021-10-07,417.5799865722656,464400
2021-10-08,406.7799987792969,378900
2021-10-11,409.57000732421875,386800
2021-10-12,421.42999267578125,473500
2021-10-13,418.9100036621094,601900
2021-10-14,433.75,528300
2021-10-15,451.94000244140625,896600
2021-10-18,470.0199890136719,789400
2021-10-19,462.8399963378906,514500
2021-10-20,458.2200012207031,508000
2021-10-21,471.7099914550781,419600
2021-10-22,470.32000732421875,310700
2021-10-25,470.1199951171875,628300
2021-10-26,472.7099914550781,466700
2021-10-27,488.8800048828125,789500
2021-10-28,503.5199890136719,686600
2021-10-29,498.55999755859375,651400
2021-11-01,505.79998779296875,715600
2021-11-02,483.5799865722656,1889600
2021-11-03,453.3999938964844,1517800
2021-11-04,452.0299987792969,840600
2021-11-05,442.8800048828125,778300
2021-11-08,448.54998779296875,566300
2021-11-09,439.79998779296875,699600
2021-11-10,440.3900146484375,700200
2021-11-11,450.0299987792969,520700
2021-11-12,446.8699951171875,373300
2021-11-15,434.1600036621094,540100
2021-11-16,438.67999267578125,530000
2021-11-17,426.6400146484375,461100
2021-11-18,422.0899963378906,487100
2021-11-19,434.25,752700
2021-11-22,439.989990234375,1020300
2021-11-23,432.8299865722656,585700
2021-11-24,437.1000061035156,368000
2021-11-26,433.1499938964844,374300
2021-11-29,424.5799865722656,672100
2021-11-30,421.239990234375,1687900
2021-12-01,403.57000732421875,790900
2021-12-02,406.4599914550781,656400
2021-12-03,385.55999755859375,1056300
2021-12-06,366.67999267578125,1495900
2021-12-07,358.4200134277344,2041800
2021-12-08,367.9800109863281,1083400
2021-12-09,360.6400146484375,718400
2021-12-10,348.239990234375,756500
2021-12-13,345.4800109863281,935700
2021-12-14,341.29998779296875,1044700
2021-12-15,355.57000732421875,1340700
2021-12-16,350.0400085449219,1404200
2021-12-17,357.42999267578125,1647000
2021-12-20,346.1199951171875,828000
2021-12-21,348.20001220703125,565500
2021-12-22,351.80999755859375,463200
2021-12-23,351.2900085449219,391400
2021-12-27,352.0799865722656,455000
2021-12-28,348.17999267578125,382400
2021-12-29,346.92999267578125,407700
2021-12-30,352.9599914550781,365800
2021-12-31,351.9200134277344,406400
2022-01-03,347.9100036621094,565500
2022-01-04,332.0799865722656,1610800
2022-01-05,312.0899963378906,1429300
2022-01-06,317.3900146484375,1122200
2022-01-07,316.54998779296875,1003200
2022-01-10,323.7300109863281,1292400
2022-01-11,323.2900085449219,1117700
2022-01-12,319.0,869000
2022-01-13,310.3399963378906,645100
2022-01-14,306.2799987792969,1069900
2022-01-18,294.8999938964844,917200
2022-01-19,291.3599853515625,752400
2022-01-20,284.1099853515625,781700
2022-01-21,271.1600036621094,1304100
2022-01-24,286.19000244140625,1336800
2022-01-25,276.32000732421875,954900
2022-01-26,265.19000244140625,940300
2022-01-27,256.989990234375,1064400
2022-01-28,266.70001220703125,973600
2022-01-31,282.3800048828125,886200
2022-02-01,288.0199890136719,875500
2022-02-02,282.32000732421875,544600
2022-02-03,275.44000244140625,725500
2022-02-04,279.92999267578125,604200
2022-02-07,279.9700012207031,590800
2022-02-08,284.42999267578125,628800
2022-02-09,294.4800109863281,709900
2022-02-10,288.75,645800
2022-02-11,275.2799987792969,775100
2022-02-14,270.45001220703125,770900
2022-02-15,276.70001220703125,1139800
2022-02-16,316.44000244140625,2699600
2022-02-17,302.79998779296875,1607500
2022-02-18,294.760009765625,885200
2022-02-22,282.4700012207031,1109400
2022-02-23,270.989990234375,743200
2022-02-24,301.3500061035156,1244400
2022-02-25,316.55999755859375,936100
2022-02-28,315.4700012207031,1006600
2022-03-01,321.239990234375,758500
2022-03-02,316.4100036621094,715500
2022-03-03,319.8800048828125,626300
2022-03-04,317.489990234375,606500
2022-03-07,312.3500061035156,660200
2022-03-08,306.1199951171875,746200
2022-03-09,311.20001220703125,633200
2022-03-10,303.2099914550781,646200
2022-03-11,281.6400146484375,796000
2022-03-14,275.94000244140625,597200
2022-03-15,286.9800109863281,522800
2022-03-16,305.4599914550781,800600
2022-03-17,309.8399963378906,526700
2022-03-18,319.3299865722656,879600
2022-03-21,312.0400085449219,476000
2022-03-22,323.9100036621094,573900
2022-03-23,317.489990234375,360000
2022-03-24,323.4200134277344,364900
2022-03-25,312.6099853515625,517200
2022-03-28,312.3299865722656,440000
2022-03-29,321.1400146484375,416300
2022-03-30,311.05999755859375,520500
2022-03-31,297.260009765625,720100
2022-04-01,301.0,636200
2022-04-04,315.42999267578125,552600
2022-04-05,316.010009765625,1074800
2022-04-06,300.0799865722656,1260400
2022-04-07,296.9599914550781,575900
2022-04-08,287.4100036621094,665800
2022-04-11,277.3999938964844,871600
2022-04-12,264.8999938964844,1382900
2022-04-13,268.0899963378906,1066900
2022-04-14,251.19000244140625,1245900
2022-04-18,249.27000427246094,979800
2022-04-19,267.20001220703125,970800
2022-04-20,259.7300109863281,831200
2022-04-21,241.0,1598900
2022-04-22,237.97999572753906,869700
2022-04-25,245.33999633789062,885000
2022-04-26,229.9499969482422,1198700
2022-04-27,230.32000732421875,850700
2022-04-28,233.32000732421875,910800
2022-04-29,219.3800048828125,819200
2022-05-02,226.69000244140625,1060000
2022-05-03,234.1699981689453,1409700
2022-05-04,261.7799987792969,2392700
2022-05-05,260.5199890136719,1509800
2022-05-06,241.69000244140625,1231500
2022-05-09,227.44000244140625,1216000
2022-05-10,223.3300018310547,1322800
2022-05-11,204.6199951171875,1184800
2022-05-12,214.02999877929688,1567000
2022-05-13,226.49000549316406,878800
2022-05-16,219.83999633789062,510200
2022-05-17,225.91000366210938,885400
2022-05-18,209.80999755859375,1071600
2022-05-19,223.69000244140625,1134300
2022-05-20,220.83999633789062,1062000
2022-05-23,230.6699981689453,1103200
2022-05-24,215.6300048828125,1204100
2022-05-25,231.22000122070312,1256200
2022-05-26,241.24000549316406,1225500
2022-05-27,256.1700134277344,1344600
2022-05-31,247.0800018310547,1917900
2022-06-01,243.86000061035156,745900
2022-06-02,268.95001220703125,1276600
2022-06-03,268.8800048828125,774900
2022-06-06,284.3399963378906,1358300
2022-06-07,292.7799987792969,943100
2022-06-08,290.17999267578125,911900
2022-06-09,277.8699951171875,957200
2022-06-10,261.5,1232300
2022-06-13,244.52000427246094,1296700
2022-06-14,240.14999389648438,839600
2022-06-15,248.5399932861328,792900
2022-06-16,223.99000549316406,1343900
2022-06-17,220.25,1616400
2022-06-21,219.97999572753906,1469400
2022-06-22,212.57000732421875,3080500
2022-06-23,221.91000366210938,1243400
2022-06-24,224.5500030517578,1137800
2022-06-27,223.57000732421875,861100
2022-06-28,217.02000427246094,647800
2022-06-29,214.61000061035156,753400
2022-06-30,210.5800018310547,866400
2022-07-01,217.50999450683594,666500
2022-07-05,216.69000244140625,1005300
2022-07-06,217.17999267578125,714100
2022-07-07,230.2899932861328,683300
2022-07-08,230.55999755859375,845500
2022-07-11,222.8300018310547,514700
2022-07-12,219.32000732421875,694600
2022-07-13,218.5399932861328,485000
2022-07-14,208.60000610351562,1084900
2022-07-15,215.05999755859375,833400
2022-07-18,223.6999969482422,1024700
2022-07-19,230.5800018310547,763100
2022-07-20,249.1999969482422,1166800
2022-07-21,249.8800048828125,666800
2022-07-22,239.92999267578125,719500
2022-07-25,238.5399932861328,438500
2022-07-26,232.14999389648438,492600
2022-07-27,245.13999938964844,637800
2022-07-28,256.8900146484375,1378100
2022-07-29,268.29998779296875,1124100
2022-08-01,264.989990234375,600900
2022-08-02,266.6499938964844,1179800
2022-08-03,248.99000549316406,2125400
2022-08-04,243.58999633789062,1264900
2022-08-05,248.1300048828125,910000
2022-08-08,252.05999755859375,931100
2022-08-09,244.1999969482422,719800
2022-08-10,259.6400146484375,1081200
2022-08-11,266.3500061035156,1127500
2022-08-12,280.5199890136719,1097900
2022-08-15,272.1700134277344,589200
2022-08-16,267.510009765625,635400
2022-08-17,255.6199951171875,741600
2022-08-18,269.6199951171875,719800
2022-08-19,256.010009765625,1030500
2022-08-22,241.52999877929688,887100
2022-08-23,243.3000030517578,656700
2022-08-24,243.9499969482422,542300
2022-08-25,249.97000122070312,574600
2022-08-26,234.8800048828125,720600
2022-08-29,231.50999450683594,587200
2022-08-30,221.99000549316406,1068400
2022-08-31,220.41000366210938,981100
2022-09-01,233.00999450683594,1405800
2022-09-02,223.38999938964844,891800
2022-09-06,225.50999450683594,750700
2022-09-07,229.88999938964844,721200
2022-09-08,233.22999572753906,639700
2022-09-09,238.0,466400
2022-09-12,232.72999572753906,775100
2022-09-13,213.19000244140625,1647000
2022-09-14,212.5,1696500
2022-09-15,208.6699981689453,1072200
2022-09-16,200.1699981689453,1770800
2022-09-19,197.27999877929688,1344800
2022-09-20,183.49000549316406,2099800
2022-09-21,175.8300018310547,1821900
2022-09-22,171.0800018310547,2196700
2022-09-23,176.57000732421875,2294900
2022-09-26,181.5800018310547,3580400
2022-09-27,180.22000122070312,3239000
2022-09-28,187.3699951171875,2388100
2022-09-29,174.16000366210938,2436400
2022-09-30,178.13999938964844,2126600
2022-10-03,177.3800048828125,1525500
2022-10-04,185.30999755859375,1502200
2022-10-05,178.67999267578125,1364500
2022-10-06,168.67999267578125,2406300
2022-10-07,154.25999450683594,3212200
2022-10-10,154.13999938964844,1317900
2022-10-11,152.05999755859375,1583100
2022-10-12,149.97999572753906,1685300
2022-10-13,146.42999267578125,2388700
2022-10-14,136.94000244140625,1687600
2022-10-17,143.9600067138672,1616400
2022-10-18,147.74000549316406,1560800
2022-10-19,110.30000305175781,12839200
2022-10-20,109.9000015258789,6350500
2022-10-21,109.4800033569336,3661400
2022-10-24,113.27999877929688,2622300
2022-10-25,121.29000091552734,2523700
2022-10-26,119.54000091552734,1679500
2022-10-27,119.80999755859375,1434000
2022-10-28,116.69999694824219,2312500
2022-10-31,115.91000366210938,1919000
2022-11-01,114.69999694824219,1992100
2022-11-02,105.70999908447266,4763300
2022-11-03,101.38999938964844,2877300
2022-11-04,101.25,2494100
2022-11-07,97.97000122070312,2935300
2022-11-08,103.31999969482422,3193300
2022-11-09,96.97000122070312,1918500
2022-11-10,109.9000015258789,3166300
2022-11-11,114.08000183105469,2060800
2022-11-14,107.05999755859375,1839600
2022-11-15,107.69999694824219,2153000
2022-11-16,103.80000305175781,1735500
2022-11-17,101.4000015258789,1668800
2022-11-18,102.87000274658203,1581500
2022-11-21,102.56999969482422,1385200
2022-11-22,106.41999816894531,1220100
2022-11-23,107.0199966430664,958000
2022-11-25,105.25,864400
2022-11-28,102.05999755859375,1765100
2022-11-29,100.66000366210938,2431100
2022-11-30,105.5199966430664,2473500
2022-12-01,103.08999633789062,1832400
2022-12-02,100.69999694824219,1490300
2022-12-05,96.5999984741211,2196900
2022-12-06,94.29000091552734,2216000
2022-12-07,90.73999786376953,1661000
2022-12-08,92.70999908447266,1480000
2022-12-09,92.66999816894531,1285000
2022-12-12,96.0,1565600
2022-12-13,98.80000305175781,2644600
2022-12-14,101.1500015258789,2021900
2022-12-15,92.87999725341797,2533400
2022-12-16,94.68000030517578,3414500
2022-12-19,91.7300033569336,2012400
2022-12-20,90.93000030517578,1327000
2022-12-21,92.08000183105469,2121200
2022-12-22,89.79000091552734,2085500
2022-12-23,92.19000244140625,1292700
2022-12-27,91.1500015258789,1188400
2022-12-28,96.23999786376953,3369600
2022-12-29,100.63999938964844,2894900
2022-12-30,100.66000366210938,1872100
2023-01-03,97.70999908447266,1738500
2023-01-04,101.91999816894531,1835800
2023-01-05,98.2699966430664,1564100
2023-01-06,100.75,1402800
2023-01-09,104.73999786376953,1668500
2023-01-10,109.55999755859375,1864900
2023-01-11,111.68000030517578,1696200
2023-01-12,113.55000305175781,1294600
2023-01-13,113.66000366210938,1137700
2023-01-17,114.5,1141600
2023-01-18,113.91000366210938,968500
2023-01-19,105.31999969482422,1807700
2023-01-20,108.48999786376953,1374500
2023-01-23,116.05000305175781,1289700
2023-01-24,114.38999938964844,926500
2023-01-25,111.20999908447266,1245500
2023-01-26,112.97000122070312,1004800
2023-01-27,117.69999694824219,1064100
2023-01-30,113.13999938964844,1252400
2023-01-31,120.5999984741211,1338800
2023-02-01,126.54000091552734,1914600
2023-02-02,130.9600067138672,2195900
2023-02-03,122.44000244140625,1667300
2023-02-06,121.38999938964844,1094300
2023-02-07,122.62999725341797,1068800
2023-02-08,118.05999755859375,1167800
2023-02-09,117.91999816894531,909500
2023-02-10,116.66000366210938,879200
2023-02-13,122.23999786376953,1653300
2023-02-14,125.20999908447266,1865600
2023-02-15,135.22999572753906,4625100
2023-02-16,129.91000366210938,2349100
2023-02-17,126.7699966430664,2406700
2023-02-21,115.7699966430664,1906900
2023-02-22,118.69999694824219,1227600
2023-02-23,121.2699966430664,1213900
2023-02-24,118.20999908447266,904000
2023-02-27,119.61000061035156,825500
2023-02-28,120.01000213623047,1141000
2023-03-01,118.23999786376953,843400
2023-03-02,121.98999786376953,933000
2023-03-03,126.5999984741211,1161600
2023-03-06,125.69999694824219,937300
2023-03-07,121.43000030517578,1047600
2023-03-08,121.44999694824219,603800
2023-03-09,117.80000305175781,823800
2023-03-10,113.16000366210938,1369500
2023-03-13,113.63999938964844,1063500
2023-03-14,112.91000366210938,984200
2023-03-15,113.4800033569336,1115100
2023-03-16,115.52999877929688,1108900
2023-03-17,113.12999725341797,1378800
2023-03-20,111.70999908447266,1053700
2023-03-21,114.7300033569336,1124400
2023-03-22,110.58000183105469,920000
2023-03-23,107.11000061035156,1262300
2023-03-24,111.22000122070312,1143100
2023-03-27,109.70999908447266,892300
2023-03-28,109.77999877929688,706100
2023-03-29,112.58000183105469,707200
2023-03-30,111.97000122070312,679200
2023-03-31,108.01000213623047,3561700
2023-04-03,108.52999877929688,1175300
2023-04-04,101.80000305175781,1599800
2023-04-05,99.56999969482422,1410400
2023-04-06,99.80000305175781,1412900
2023-04-10,102.19999694824219,974000
2023-04-11,101.45999908447266,1060800
2023-04-12,100.13999938964844,836400
2023-04-13,103.48999786376953,1412200
2023-04-14,101.7300033569336,632500
2023-04-17,104.18000030517578,585300
2023-04-18,103.86000061035156,754600
2023-04-19,103.36000061035156,647400
2023-04-20,103.38999938964844,651000
2023-04-21,102.77999877929688,554300
2023-04-24,104.69999694824219,662400
2023-04-25,102.0999984741211,593300
2023-04-26,93.04000091552734,1938300
2023-04-27,99.5999984741211,1471000
2023-04-28,102.22000122070312,982900
2023-05-01,102.5199966430664,1100100
2023-05-02,102.80000305175781,1864000
2023-05-03,114.73999786376953,3852400
2023-05-04,109.02999877929688,1786500
2023-05-05,114.18000030517578,1051200
2023-05-08,110.47000122070312,1319900
2023-05-09,111.7699966430664,748700
2023-05-10,112.83999633789062,961500
2023-05-11,111.95999908447266,771200
2023-05-12,111.48999786376953,797600
2023-05-15,116.68000030517578,973700
2023-05-16,112.33999633789062,1117600
2023-05-17,116.31999969482422,783800
2023-05-18,117.87999725341797,995600
2023-05-19,113.79000091552734,781600
2023-05-22,118.27999877929688,785600
2023-05-23,117.55000305175781,744500
2023-05-24,116.11000061035156,564400
2023-05-25,116.43000030517578,681900
2023-05-26,115.43000030517578,556900
2023-05-30,113.25,992700
2023-05-31,108.91999816894531,1421100
2023-06-01,113.55999755859375,925800
2023-06-02,114.77999877929688,821200
2023-06-05,112.69999694824219,498200
2023-06-06,117.31999969482422,814000
2023-06-07,118.2300033569336,1225300
2023-06-08,116.7699966430664,641400
2023-06-09,116.7699966430664,553700
2023-06-12,117.66000366210938,627100
2023-06-13,123.91000366210938,1049500
2023-06-14,119.55000305175781,995100
2023-06-15,122.02999877929688,737000
2023-06-16,119.41999816894531,1417200
2023-06-20,128.8699951171875,2143300
2023-06-21,131.52000427246094,2186700
2023-06-22,124.80999755859375,1392400
2023-06-23,129.07000732421875,2645300
2023-06-26,131.00999450683594,1357500
2023-06-27,142.52999877929688,2731300
2023-06-28,148.07000732421875,2869800
2023-06-29,147.39999389648438,1943900
2023-06-30,149.1300048828125,1120700
2023-07-03,150.60000610351562,785300
2023-07-05,138.47999572753906,2628300
2023-07-06,133.25,2074900
2023-07-07,136.0800018310547,1255500
2023-07-10,141.11000061035156,1005400
2023-07-11,147.49000549316406,1819300
2023-07-12,148.89999389648438,1416900
2023-07-13,146.7899932861328,1107000
2023-07-14,142.8800048828125,932400
2023-07-17,142.8800048828125,1014700
2023-07-18,144.02999877929688,1001600
2023-07-19,146.92999267578125,914400
2023-07-20,147.27999877929688,979200
2023-07-21,145.3000030517578,732300
2023-07-24,146.60000610351562,907900
2023-07-25,147.6300048828125,925700
2023-07-26,151.99000549316406,1275600
2023-07-27,148.82000732421875,1361000
2023-07-28,149.89999389648438,981700
2023-07-31,153.6999969482422,1150600
2023-08-01,153.3800048828125,1757000
2023-08-02,115.94999694824219,7582400
2023-08-03,110.7699966430664,4293600
2023-08-04,113.94999694824219,2499500
2023-08-07,110.61000061035156,2571700
2023-08-08,108.33999633789062,2070200
2023-08-09,106.75,1322400
2023-08-10,108.66000366210938,1765800
2023-08-11,107.55999755859375,963800
2023-08-14,112.23999786376953,2180000
2023-08-15,112.62999725341797,1906000
2023-08-16,108.81999969482422,1243100
2023-08-17,110.47000122070312,1499900
2023-08-18,113.3499984741211,2366000
2023-08-21,116.18000030517578,1760300
2023-08-22,113.48999786376953,1410800
2023-08-23,114.06999969482422,1078800
2023-08-24,114.79000091552734,997300
2023-08-25,114.94000244140625,779400
2023-08-28,119.18000030517578,1494800
2023-08-29,121.16999816894531,1399300
2023-08-30,119.22000122070312,1918600
2023-08-31,118.80999755859375,1475300
2023-09-01,118.94000244140625,1075000
2023-09-05,117.80999755859375,1156000
2023-09-06,118.45999908447266,991900
2023-09-07,118.12000274658203,1479400
2023-09-08,115.18000030517578,1096000
2023-09-11,115.7699966430664,783700
2023-09-12,114.16000366210938,906100
2023-09-13,111.63999938964844,1332000
2023-09-14,111.91999816894531,1431100
2023-09-15,111.66999816894531,1306600
2023-09-18,110.0,1047600
2023-09-19,109.91999816894531,1184100
2023-09-20,110.22000122070312,655000
2023-09-21,108.45999908447266,871000
2023-09-22,106.75,929700
2023-09-25,107.41000366210938,753800
2023-09-26,103.22000122070312,1569900
2023-09-27,108.88999938964844,2030000
2023-09-28,108.9800033569336,1506900
2023-09-29,108.95999908447266,968400
2023-10-02,106.0999984741211,970700
2023-10-03,103.1500015258789,1152300
2023-10-04,101.70999908447266,1047100
2023-10-05,101.12999725341797,984500
2023-10-06,102.5199966430664,980600
2023-10-09,103.44000244140625,757000
2023-10-10,107.41000366210938,1024200
2023-10-11,107.77999877929688,625100
2023-10-12,101.43000030517578,1072200
2023-10-13,101.62999725341797,974600
2023-10-16,100.26000213623047,1062900
2023-10-17,99.97000122070312,723900
2023-10-18,95.5,1380000
2023-10-19,93.95999908447266,1047100
2023-10-20,88.37999725341797,1744000
2023-10-23,88.30000305175781,1290200
2023-10-24,86.76000213623047,1133900
2023-10-25,85.12000274658203,1105900
2023-10-26,83.2300033569336,1129500
2023-10-27,82.19999694824219,1554700
2023-10-30,82.23999786376953,1706800
2023-10-31,84.06999969482422,1835900
2023-11-01,96.12999725341797,3786300
2023-11-02,99.36000061035156,2029800
2023-11-03,104.91999816894531,2105800
2023-11-06,102.47000122070312,1411700
2023-11-07,103.79000091552734,1205900
2023-11-08,103.77999877929688,848600
2023-11-09,102.83999633789062,1003600
2023-11-10,103.55000305175781,776600
2023-11-13,103.54000091552734,730200
2023-11-14,109.62000274658203,1431000
2023-11-15,110.77999877929688,1880900
2023-11-16,113.4800033569336,1254200
2023-11-17,114.12000274658203,1109200
2023-11-20,113.94999694824219,1117700
2023-11-21,112.68000030517578,975000
2023-11-22,112.30999755859375,656400
2023-11-24,112.80000305175781,437800
2023-11-27,112.7300033569336,763300
2023-11-28,113.87999725341797,1132700
2023-11-29,115.5999984741211,985500
2023-11-30,117.06999969482422,4661900
2023-12-01,122.30000305175781,1379000
2023-12-04,122.87000274658203,963900
2023-12-05,122.7699966430664,897800
2023-12-06,123.06999969482422,928700
2023-12-07,120.55000305175781,1318400
2023-12-08,121.55000305175781,1032600
2023-12-11,121.69999694824219,1159700
2023-12-12,122.12999725341797,1018900
2023-12-13,125.20999908447266,942400
2023-12-14,129.05999755859375,2175200
2023-12-15,128.2100067138672,2362200
2023-12-18,128.58999633789062,772100
2023-12-19,132.0399932861328,958700
2023-12-20,127.0999984741211,725200
2023-12-21,129.47000122070312,526700
2023-12-22,128.80999755859375,475200
2023-12-26,129.88999938964844,362300
2023-12-27,130.2899932861328,442200
2023-12-28,130.92999267578125,397100
2023-12-29,129.24000549316406,479200
